3
7
19
398581
5
13
11
601
43
37
331
5419
31
29
61
157
127
17
1093
1087
97
83
719
79
631
73
67
547
23
521
487
409
367
313
307
281
263
41
257
229
197
191
181
163
151
139
137
109
107
103
71
53
47
13421
44371
3571
421
1171
4271
2521
17351
641
617
14281
11807
11093
10039
457
2251
449
433
431
3221
8269
4051
7699
1279
7621
6829
1123
1021
317
311
88741
4733
4591
3851
709
701
3499
3463
227
577
563
30941
2141
1861
383
19993
379
1597
131
1471
1321
1201
1063
101
1013
967
8951
223
8191
22366891
811
769
7019
751
199
733
727
5653
5233
613
607
5113
587
557
523
3833
3691
467
463
59
3169
3121
397
2801
2731
2617
2593
2557
349
2411
2351
2281
2203
2143
2113
2089
293
1889
1871
1801
89
271
1741
269
1723
1621
1613
1523
55837
233
1297
211
1249
43691
1213
1181
193
1103
36389
1009
179
953
941
911
881
877
853
829
827
821
22699
797
757
683
673
661
571
13367
13159
113
499
9277
439
9181
9137
8209
7793
7321
7213
373
359
347
337
6163
5801
5659
283
277
4561
4513
251
241
3613
3607
3191
3181
2999
2749
2237
167
2053
149
1777
1753
1619
1493
1361
583367
3500201
292561
70841
21491
732541
797161
11939
262657
131071
599479
293459
1772893
19531
11489
4639
45319
43609
305175781
29989
363889
21523361
6481
26317
110563
16148168401
99907
20381027
28537
24977
12207031
159871
1307261
5229043
9719
2099863
55897
9520972806333758431
161461131023
154877
169553
32668561
178481
122921
16493
43331
3033169
212885833
48544121
21149
228479
1401943
7450297
761838257287
193707721
67927
11317
61681
30841
65537
86171
15790321
36809
368089
34511
121369
2212471
4432676798593
201485309027
7589
2384579
1001523179
112303
898423
616318177
391151
69431
20394401
6361
2796203
10052678938039
36833
11119
3457
179951
136193
145193
3203431780337
524287
97685839
71119
87211
21803
442151
13264529
15241
102673
4404047
64937
389621
127669
9361973132609
2298041
201961
100981
2413941289
2908363
164511353
2305843009213693951
920753
25781083
525313
174763
6700417
3350209
335021
27919
649657
92737
23311
10429
20857
640333
145295143558111
238972275589
23897227559
32377
16189
1212847
2147483647
715827883
618970019642690137449562111
170141183460469231731687303715884105727
162259276829213363391578010288127
