3
7
5
13
19
398581
11
127
601
43
37
83
331
5419
307
31
17
29
67
61
191
23
2089
157
151
139
1213
109
1093
1087
1063
97
911
829
719
79
683
631
73
71
547
521
487
439
409
53
367
47
313
283
281
271
263
41
257
229
223
211
197
181
167
163
137
131
113
107
103
89
59
13421
44371
6271
3571
421
1171
4271
3541
2521
17351
641
15901
617
14281
14197
14029
13999
11807
11093
10039
457
2251
449
433
431
3221
8269
4051
7699
1279
7621
6829
1123
1069
1021
100801
317
311
5167
88741
4733
4591
3877
3851
709
701
3499
3463
227
653
3137
2857
2851
577
2767
563
30941
2141
1861
383
19993
379
1657
1597
353
1471
1321
1201
101
1013
967
8951
8191
22366891
811
769
7019
761
751
199
733
727
5653
5233
613
607
5113
599
587
557
523
3833
3691
467
3583
463
3169
419
3121
397
389
2833
2801
2731
2633
2617
2609
2593
2557
349
2411
2393
2351
2281
2203
2143
2113
2003
293
1889
1871
1801
1741
269
1723
1621
1613
1523
55837
233
1307
1297
1249
43691
1181
193
1103
36389
1061
1009
179
991
953
941
881
877
853
827
821
22699
797
757
673
661
619
571
13367
13159
499
9839
443
9277
9181
9137
8647
8563
8209
7793
7321
7213
373
359
347
337
6163
6143
5801
5659
277
4561
4513
251
3917
241
239
3613
3607
3271
3191
3181
2999
2749
2687
173
2239
2237
2213
2053
1949
149
1777
1753
1619
1549
1493
1429
1373
1361
17293
26881
13441
4831
9661
8011
16651
583367
3500201
292561
70841
21491
732541
25646167
797161
11939
262657
131071
24571
6451
599479
153649
33057806959
154823
293459
1772893
19531
11489
4639
45319
43609
305175781
29989
4534166740403
31723
28393
363889
28057
8237
14009
2767631689
276763169
9225439
21523361
6481
26317
17707
110563
16148168401
99907
20381027
28537
24977
12207031
11898664849
222613
159871
1307261
5229043
7951
9719
2099863
15797
1806113
55897
9520972806333758431
161461131023
154877
169553
32668561
178481
122921
16493
10037
48037081
43331
3033169
212885833
48544121
21149
228479
1401943
7450297
761838257287
193707721
67927
11317
61681
30841
65537
86171
15790321
36809
368089
34511
858001
308761441
121369
4177
3981071
82939
2212471
4432676798593
201485309027
7589
2384579
1001523179
66739
29327
117307
112303
898423
616318177
13931
262209281
391151
6529
69431
20394401
6361
14303
30269
2796203
10052678938039
36833
11119
138793
466344409
6662063
9857737155463
111949
5717
86950696619
2526913
613279
3457
179951
136193
145193
3203431780337
524287
97685839
71119
87211
21803
581283643249112959
3892029553
2188993
29581
442151
13264529
165768537521
15241
8387
102673
4404047
64937
389621
127669
9361973132609
2298041
17189128703
13097927
545747
35081
201961
100981
581173
2664097031
26417
830833
2413941289
2908363
164511353
768614336404564651
2305843009213693951
9293
37171
1824726041
920753
25781083
525313
174763
22129
5347
203659
1113491139767
736435939
202029703
36821797
25253713
12626857
1416223
44257
4278255361
2139127681
10589741
34607
6700417
3350209
335021
27919
10007
649657
92737
23311
10429
20857
70123
640333
145295143558111
238972275589
23897227559
377011
94253
18837001
67759
38737
60041
10567201
5283601
2641801
1320901
14449
2932031007403
32377
16189
1212847
101917
990361
23140471537
112901153
495181
247591
184831
30949
2931542417
252283
8831418697
658812288653553079
350432068432741
29189717
530713
2147483647
715827883
30327152671
947723521
420778751
6491257
547889
618970019642690137449562111
170141183460469231731687303715884105727
162259276829213363391578010288127
