3
7
5
11
13
37
17
22366891
19
31
29
43
23
79
41
398581
67
109
97
1471
229
223
44371
191
181
61
911
157
53
19441
139
683
127
47
601
14197
547
103
449
439
8971
409
8191
7621
379
373
367
83
331
5419
307
73
71
281
271
257
4051
3833
3691
59
3121
3067
197
193
2437
2243
2089
1861
151
1801
1789
1741
137
131
1279
1249
1213
113
1201
1171
107
1093
1087
1063
101
1009
877
89
829
811
761
757
743
719
701
673
661
647
631
617
593
577
569
563
523
521
499
491
487
457
433
431
421
419
401
389
383
359
353
349
347
337
317
313
293
283
269
263
251
241
239
233
227
211
199
179
173
167
163
149
30781
13421
6271
3571
2221
1583
1489
5839
5581
44273
1163
4271
3659
3541
2521
17351
2357
641
15901
14401
14281
14029
13999
13679
13267
11807
503
11093
11069
10243
1783
1811
10039
2251
2719
3221
8269
7699
7219
6829
1123
6263
1069
1021
100801
311
90271
5167
88741
4987
4733
4603
4591
4457
4423
4231
65551
3877
3851
709
3499
3463
653
3137
2927
41761
2857
2851
2767
2467
2377
2339
30941
2141
461
2081
1999
21751
1693
19993
1669
1657
1597
1499
1451
15661
1321
1277
1109
1013
967
937
8951
919
769
7019
751
733
727
5653
5281
5233
613
607
5113
599
587
557
4019
479
467
3583
463
3169
3083
3079
3019
397
2833
2801
2731
2633
2617
2609
2593
2557
2551
2411
2393
2351
2297
2281
2269
2267
2203
2179
2143
2131
2113
2083
2017
2011
2003
1973
1931
1889
1873
1871
1723
1699
1627
1621
1613
1609
1607
1553
1523
1483
55837
1399
1307
1303
1297
1289
43691
1181
1129
1103
36389
1061
1051
1039
997
991
983
971
953
941
907
887
883
881
859
853
839
827
823
821
809
22699
797
787
21997
773
691
643
619
571
13367
13159
541
509
10303
9839
443
9277
9181
9137
8647
8563
8209
7793
7321
7213
7193
6911
6703
6427
6217
6163
6143
5953
5869
5801
5659
5101
4933
4861
4651
4637
277
4561
4547
4513
4021
3917
3739
3637
3631
3613
3607
3547
3391
3319
3299
3271
3203
3191
3181
3109
3037
2999
2971
2791
2749
2711
2693
2687
2671
2549
2459
2383
2239
2237
2213
2207
2161
2053
2027
1993
1987
1949
1777
1753
1721
1637
1619
1559
1549
1543
1493
1487
1447
1439
1433
1429
1381
1373
1361
1327
1301
1223
1217
1187
1151
1117
863
917087137
28729
579281
17293
26881
13441
4831
9661
353641
8011
16651
583367
3500201
292561
70841
21491
12583
407865361
39449441
212057
2919196853
732541
139921
7027
25646167
797161
14621
11939
262657
8543
10847
5336717
889453
131071
24571
6451
177091
7792003
599479
153649
33057806959
154823
293459
295039
590077
1772893
19531
11489
6304673
1877
4639
21487
15798461357509
77477
45319
9721
43609
305175781
29989
4534166740403
31723
10529
28393
5651519
2141993519227
363889
28792661
282281
62060021
104281
28057
160967
1609669
8237
14009
2767631689
276763169
9225439
2957
19622651
830279
88009573
18041
161971
12323587
1532917
40493
390001
519499
21523361
6481
2867933
195019441
97509721
39551
41617
83233
20809
21143
3999088279399464409
26677735199
3705241
1852621
29881
8581
37140797
17839
1270657
26317
262321
522061
261031
175897
17707
6115909044841454629
278218153
139109077
70911041
69554539
110563
16148168401
1803647
264031
99907
20381027
28537
24977
2657
12207031
59221
29611
11898664849
222613
159871
1307261
5229043
7487
81343
7951
9719
2099863
15797
1806113
55897
5227
38923
1506443
9520972806333758431
161461131023
339307
154877
84827
7069
153719
47072139617
169553
32668561
6568801
158597
4795973261
266442959
2663
178481
19609
16381
21821
122921
1855860368209
68710121
293633
6101
10313
240589
608459012088799
3161299
16493
9967
10037
30103
48037081
3593
1484146957
7211201
991621
660509
21557
43331
3033169
13952598148481
56409643
18973369
14102411
145949
17509
212885833
48544121
21149
228479
10746341
7333
1401943
7450297
761838257287
193707721
67927
10837
6553
4159
11317
66467
1337411
29423041
10301
41203
14437
113229229
82073
30703
71316922984999
127540261
927001
463501
2417
17827
158341
8693
933329
489769993189671059
14425532687
42933133
13170431
31051
61681
30841
65537
92251
23063
346939
693877
3158528101
1579264051
47392381
23696191
7416361
86171
15790321
30431
36809
368089
3881
147073
34511
15391
858001
308761441
121369
21841
4177
86143
23029
332207361361
612928711
6965099
42521761
21260881
10630441
38239
13564461457
2317127
213029
3981071
82939
3747607031112307667
188603003
15716917
268069
24169
2212471
4432676798593
201485309027
7589
9384251
2384579
1001523179
65353
66739
29327
117307
112303
898423
616318177
32029
6597973
5851
50544702849929377
239337374873
3068427883
775639
19391
321679
319020217
26295457
38261
13931
262209281
3413
24061
391151
6529
22996651
380808546861411923
31734045571784327
2888330917
414157
207079
152597
6679
4289
69431
229890275929
3284146799
540701761
15902993
13960201
6980101
3490051
28059810762433
1275445943747
1221691517
22623917
27127
20394401
6361
25733
71821
35911
22079
430697
647753
99810171997
49905085999
12853
12611
18584774046020617
62020897
10451851
2134387368610417
1654058017289
60726444167
6960427883
852133201
17235157
14972003
6359203
14341
4973
14303
151201
30269
2796203
10052678938039
168749965921
1068037759
12739
36833
2879347902817
3161749
455341
227671
354689
12647
9170881
7001
2433363106918547
221134415387
388261457
5066777
844463
11119
138793
466344409
6662063
822599
35671
22125996444329
9857737155463
111949
5717
1623931
86950696619
2526913
613279
9161
1951
10559
2909
2550183799
532235131
353803193
930481
66463
39233
15607
251291
46919171622574949
2261618993
376936499
5533189
19433
57251
10459
25127
14713
3457
179951
136193
145193
3203431780337
2583253
524287
570461
5501
1793161
7639
3931
6577
51853
31280679788951
795217607
329177
380220454717117337
63370075786186223
1208079589
99347
15277
99877
4363953127297
49939
4201
49139
523741
47339833319
8456276897
3371783
35532364099
3144457
78233
11311
2063
148961
5209
13913
91463
135433
272010961
97685839
71119
139537
61561
246241
123121
279073
87211
21803
581283643249112959
3892029553
2188993
29581
2803
85280581
1980469
198047
23535794707
74480363
98519
228511817
2556331
96656723
5112661
639083
141311
646675035253258729
572278792259521
4375578271
41755771
10518217
6852691
52457
66571
442151
13264529
165768537521
15241
8387
102673
4404047
3247921
70607
55871
4999
4309668216560569151
209777463812333
13297103
2332951
291619
165799
31321
18121
64937
389621
127669
1795918038741070627
448979509685267657
24943306093625981
15440966309
9361973132609
2298041
15091
17189128703
13097927
545747
35081
6353
68743
201961
100981
154543
581173
2664097031
26417
3011
70621
180053
33909171296217181
1146277171801
302128933
18649457
35311
36721
10332211
6151
3167
2447
830833
19501
4357
2413941289
2908363
4261
3863
4787
164511353
492103
11447
13537
231769777
184481113
209179
418357
41657479183
153152497
17881789
322247
55633
77489
27817
6763
768614336404564651
2305843009213693951
9293
37171
1824726041
920753
25781083
24517014940753
19676576999
58043
13469
525313
174763
22129
5347
203659
1113491139767
736435939
202029703
36821797
25253713
12626857
1416223
44257
3923
414721
44479210368001
301331
25111
17041
8521
4278255361
2139127681
10589741
34607
6700417
3350209
335021
27919
9067
11471
197759
31479823396757
826632619
5237
14561
4673
8233
10007
48823
5119
1661126041959455923
46616380229
221982763
11593
30211
22901
18401
5483
8713
10169
8941
8821
3217
3301
18233
7823
6619
26113
20947
13229
8681
8287
32063
7789
6883
23087
26407
24697
40123
24469
5821
4327
20231
25579
5987
13001
9059
152041
29191
106681
23279
649657
92737
72931
145861
54001
48912491
5749
5153
19927
23311
12479
6091
31271
560088668384411
46674055698701
111155699
18731
3943
25219
17099
19597
356443
8101
10429
20857
7830118297
384773
111912126900880183
745988807
37159429
3331499
234149
4710883168879506001
269089806001
236458529
262621
1739911
229668251
3290237
314597
612067
536903681
107367629
192499963465541
1207027
858293
341117531003194129
7432339208719
92904240109
106551517
487824887233
748021
6314964913
352123
251033
137089
854527
155377
131105292137
62983048367
3781403
2696641
191738508982973
10652139387943
57892061891
1441160167
2109127
15648963099823
5625767248687
46692137
2472781
2432543
656276671
10254323
67280421310721
1863581
274177
4279136131753239833
44744924731301
636082163
161765407
47842771
2349023
722167
1044161
1080107531598525697
18733504781
93507247
1582489
5844203
15320158676496352817
17666519842913
60816001
44580677
7430113
13455809771
30707300495827
1999693963
2011630471
1009081991
91303
97213
36821
1005203
77689
217489
89669
131311
95107
49477
66047
29077
86113
48259
21673
37813
10613
70123
25339
52433
19249
27947
51257
46601
37663
41969
7129
19181
13709
8501
9001
14143
251101831
54410972897
9068495483
51157
131713
348031
49971617830801
24985808915401
180567223
778307
552793
640333
7623851
409891
145295143558111
238972275589
23897227559
14639
32611
460079
5782172113400990737
632449641619
158822951431
43981199
4571251
724153
43151
163259
377011
94253
88667
532001
14808607715315782481
238805672881
45076044553
22538022277
388586591
3188767
2646507710984041
151871210317
218834597
4036961
672827
14951
21467
65993
1066818132868207
9525161900609
105835132229
1868569
16987
1908451
77158673929
181549
43249589
12112549
29247661
14623831
46649
4562284561
207376571
1329337
664669
88959882481
2341049539
524899
29921
1133836730401
566918365201
22286279
18837001
67759
177722253954175633
383165786209
275658839
3887047
44171
246497
18158209813151
4649919401
774986567
259462303
279593
73471
3361
579883
38737
5471551
268501
60041
10567201
5283601
2641801
1320901
7949
14449
926510094425921
500177
1759217765581
70487129
2932031007403
335653
101653
5385997
2692999
11909
83641
6713103182899
7327657
281833
25171
4327489
312709
432749
32377
16189
160465489
1212847
48479
101917
1210483
990361
23140471537
112901153
495181
247591
25829691707
11269499
184831
224771
30949
1743831169
174383117
956353
68311
8539
144383
1155061
577531
2931542417
504379
96076791871613611
24019197967903403
285942832951231
1138887781
252283
8831418697
22253377
144542918285300809
100560689513
12101
195443
658812288653553079
350432068432741
29189717
2903110321
529510939
530713
22434744889
2243474489
1823963
2147483647
715827883
386478495679
1207745299
280871
248749
1824179209
68041
234750601
19717
9859
47763361
25411
176419
148199
625552508473588471
22937536978351
30327152671
947723521
420778751
6491257
547889
26831423036065352611
2679895157783862814690027494144991
618970019642690137449562111
75582488424179347083438319
3976656429941438590393
8235109336690846723986161
86656268566282183151
2741672362528725535068727
5439042183600204290159
32032215596496435569
7289088383388253664437433
170141183460469231731687303715884105727
1786393878363164227858270210279
37201708625305146303973352041
201487636602438195784363
10350794431055162386718619237468234569
21465522331181621122125609701
79638304766856507377778616296087448490695649
56713727820156410577229101238628035243
163537220852725398851434325720959
162259276829213363391578010288127
255526907582383435705366133939
123876132205208335762278423601
84115747449047881488635567801
83379798561325782971358271
13842607235828485645766393
11053036065049294753459639
3042645634792541312037847
870035986098720987332873
535347624791488552837151
57912614113275649087721
5576537758244672425387
5519485418336288303251
1379871354584072075813
541750420721207848681
6864797660130609714981900799081393217269435300143305409394463459185543183397656052122559640661454554977296311391480858037121987999716643812574028291115057151
531137992816767098689588206552468627329593117727031923199444138200403559860852242739162502265229285668889329486246501015346579337652707239409519978766587351943831270835393219031728127
