3
5
331
11
7
19
1093
31
13
547
61
43
257
37
151
137
127
97
83
79
73
71
17
67
41
29
23
47
17351
398581
617
601
431
3221
1279
7621
6829
317
139
5419
307
4733
3851
3499
103
53
30941
2141
1861
379
131
1201
109
1087
1063
229
223
8191
7019
199
191
181
5233
613
5113
557
157
523
467
59
3169
397
2801
2731
367
2617
2557
2351
2281
2203
2143
2113
2089
1889
1871
1801
89
271
269
1723
1613
233
43691
1181
197
193
1103
179
911
829
757
719
683
661
631
13367
113
521
107
7321
337
313
4561
4513
263
241
163
1619
797161
11939
262657
131071
599479
19531
45319
43609
305175781
9719
2099863
178481
122921
43331
3033169
61681
30841
65537
34511
121369
112303
898423
616318177
2796203
11119
524287
442151
13264529
15241
164511353
2305843009213693951
174763
23311
32377
16189
1212847
2147483647
715827883
618970019642690137449562111
162259276829213363391578010288127
