3
7
5
37
19
331
11
61
1093
31
631
13
547
307
43
257
191
157
151
137
127
103
97
83
79
73
71
17
67
41
29
23
3571
47
409
17351
398581
617
601
11807
449
433
431
3221
8269
4051
1279
7621
6829
1123
317
139
5419
4733
3851
701
3499
53
30941
2141
1861
379
1597
131
1201
109
1087
1063
1013
8951
229
223
8191
7019
199
733
181
5233
613
607
5113
557
523
467
463
59
3169
397
2801
2731
367
2617
2557
2351
2281
2203
2143
2113
2089
1889
1871
281
1801
89
271
269
1723
1613
233
43691
1213
1181
197
193
1103
36389
179
911
829
827
757
719
683
673
661
13367
113
521
107
7321
373
337
313
4561
4513
263
251
241
163
1619
70841
21491
797161
11939
262657
131071
599479
293459
19531
45319
43609
305175781
363889
6481
9719
2099863
178481
122921
43331
3033169
61681
30841
65537
36809
368089
34511
121369
112303
898423
616318177
391151
2796203
11119
524287
87211
21803
442151
13264529
15241
164511353
2305843009213693951
174763
23311
32377
16189
1212847
2147483647
715827883
618970019642690137449562111
170141183460469231731687303715884105727
162259276829213363391578010288127
