512  3 1 5 1 17 1 257 1 641 1 65537 1 274177 1 6700417 1 67280421310721 1 1238926361552897 1 59649589127497217 1 5704689200685129054721 1 93461639715357977769163558199606896584051237541638188580280321 1
513  7 1 73 1 32377 1 57457 1 262657 1 524287 1 1212847 1 93507247 1 35473416481 1 121323854647 1 2237717449946593 1 3042645634792541312037847 1 61641347592475860688686002670152525762503468748858717047 1
516  3 2 5 1 7 1 13 1 173 1 431 1 1033 1 9719 1 17029 1 46957 1 101653 1 500177 1 2099863 1 1591582393 1 1759217765581 1 2932031007403 1 15686603697451 1 96758771543686753 1 5951631966296685834686149 1 11053036065049294753459639 1
519  7 1 1039 1 730753 1 1505447 1 70084436712553223 1 155285743288572277679887 1 19709014643115560219397264671577125505264032974428376489237001990435774189483906244488746953221813209 1
520  3 1 5 2 11 1 17 1 31 1 41 1 53 1 131 1 157 1 521 1 1613 1 2731 1 8191 1 42641 1 51481 1 61681 1 409891 1 858001 1 5746001 1 7623851 1 34110701 1 308761441 1 2400573761 1 65427463921 1 108140989558681 1 145295143558111 1 173308343918874810521923841 1
522  3 3 7 1 19 1 59 1 73 1 233 1 523 1 1103 1 2089 1 4177 1 3033169 1 6929826139 1 9857737155463 1 96076791871613611 1 3453412901832690553 1 33563856450515702761 1 328017025014102923449988663752960080886511412965881 1
524  3 1 5 1 263 1 1049 1 4744297 1 269665073 1 642811237 1 2745098189 1 810791440841 1 12450751815271172041 1 308544695409769427309 1 182331128681207781784391813611 1 10350794431055162386718619237468234569 1
528  3 2 5 1 7 1 13 1 17 1 23 1 67 1 89 1 97 1 241 1 257 1 353 1 397 1 673 1 683 1 2113 1 7393 1 20857 1 229153 1 312709 1 599479 1 4327489 1 119782433 1 1761345169 1 2931542417 1 43872038849 1 98618273953 1 16875081675650881 1 86945388997210442828259494992321 1
530  3 1 11 1 31 1 107 1 6361 1 69431 1 20394401 1 29324808311 1 28059810762433 1 197748738449921 1 593783678966863030035641 1 36614110124735294634435619027766763481 1 1007715965875748226745472989687556259131 1
536  3 1 5 1 17 1 269 1 75041 1 7327657 1 15152453 1 42875177 1 193707721 1 2559066073 1 761838257287 1 6713103182899 1 9739278030221 1 333808138537249 1 1113767094422199900605896348724787045161997478687751948513969 1
531  7 1 73 1 1063 1 179951 1 184081 1 288236359 1 27989941729 1 196629322303 1 3203431780337 1 15888898944343 1 9213624084535989031 1 8099559410464120708848563721343 1 64835086810126708428197417798336316991 1
533  8191 1 13367 1 166297 1 164511353 1 744487658617 1 12608952924551863965992360478915656490891827318068815112341761299345519816732865095518014457919111246360424125987663964268856399 1
540  3 4 5 2 7 1 11 1 13 1 19 1 31 1 37 1 41 1 61 1 73 1 109 1 151 1 181 1 271 1 331 1 541 1 631 1 811 1 1321 1 15121 1 23311 1 30241 1 49681 1 54001 1 87211 1 246241 1 262657 1 279073 1 348031 1 18837001 1 29247661 1 49971617830801 1 165041853060421 1 385838642647891 1 166242935471754241 1
2 4 5 1 149 1 18427 1 107671 1 953861 1 13097927 1 56737873 1 17189128703 1 142659759801404920771391593 1
2 3 7 1 11 2 13 1 31 1 61 1 151 1 271 1 601 1 2551 1 4561 1 8951 1 9601 1 26251 1 119101 1 391151 1 1530601 1 22996651 1 2098303812601 1
2 5 5 1 41 1 761 1 1597 1 2851 1 31769 1 101917 1 363889 1 3302353 1 5301533 1 25480398173 1 278733912072436804273 1
2 3 23 1 67 1 547 1 661 1 1093 1 3851 1 51457561 1 7151459701 1 76831835389 1 56495392933101222275861053369 1
2 4 5 1 7 1 13 2 53 1 73 1 79 1 157 1 313 1 2887 1 6553 1 7333 1 10141 1 325729 1 398581 1 797161 1 4795973261 1 271722723752757889 1
2 3 66361 1 432853009 1 327220181191 1 392038110671 1 145171177264407947 1 567239060331150635317 1
2 7 5 2 11 2 17 1 41 1 61 1 193 1 1181 1 14401 1 8194721 1 21523361 1 42521761 1 700984481 1 128653413121 1 597747428754241 1
2 3 7 1 13 1 19 1 37 1 109 1 163 1 433 1 757 1 1297 1 3889 1 8209 1 19441 1 19927 1 208657 1 224209 1 1190701 1 5879415781 1 12557612956332313 1
2 4 5 1 83 1 33703 1 2088869 1 2526913 1 110767897 1 86950696619 1 270547105429567 1 574933708017116710865237 1
2 3 167 1 499 1 997 1 12119 1 2466097 1 1036745531 1 950996059627210897943351 1 813201725710097952736361977 1
2 5 5 1 7 2 13 1 29 1 41 1 43 1 73 1 337 1 547 1 673 1 1009 1 1093 1 2269 1 2857 1 6481 1 16493 1 167329 1 368089 1 430697 1 647753 1 109688713 1 2108826721 1
2 3 11 2 61 1 103 1 307 1 1021 1 1531 1 1871 1 34511 1 224401 1 2663568851051 1 862970652262943171 1 13271362257832586268931 1
2 4 5 1 173 1 431 1 470593 1 2641485701 1 55473422113 1 903239908009 1 380808546861411923 1 82064241848634269407 1
2 3 7 1 13 1 59 1 349 1 523 1 6091 1 28537 1 74821 1 142159 1 261697 1 1383301 1 5385997 1 20381027 1 32234893 1 37464463 1 150224123975857 1
2 6 5 1 17 1 23 1 41 1 67 1 89 1 193 1 661 1 3851 1 5501 1 570461 1 2382953 1 6922081 1 56625998353 1 15656839738849 1 1363620137403810529 1
2 3 179 1 264331 1 1125706177 1 1611479891519807 1 5042939439565996049162197 1 2444322641415331355533344283 1
2 4 5 2 7 1 11 2 13 1 19 1 31 1 37 1 61 1 73 1 181 1 271 1 757 1 1181 1 1621 1 4561 1 176401 1 387631 1 530713 1 755551 1 927001 1 47763361 1 452808441334403281 1
2 3 547 1 1093 1 8737 1 398581 1 595141 1 797161 1 4011586307 1 2354116499281 1 2452788561133 1 3745603812007166116831643 1
2 5 5 1 41 1 47 1 1289 1 12553493 1 1001523179 1 23535794707 1 70601370627701 1 743170846305411756447828504941347481129 1
2 3 7 1 13 1 373 1 683 1 1117 1 6883 1 102673 1 541447 1 3058399 1 4404047 1 22434744889 1 88239050462461 1 26273701844015319144827917 1
2 4 5 1 1223 1 16921 1 21997 1 256057 1 5112661 1 96656723 1 563838649753 1 1534179947851 1 125384283132205265785477849439329 1
2 3 11 2 61 1 191 1 1597 1 2851 1 39901 1 101917 1 363889 1 29574984661 1 25349956307509384561 1 78958087694609321439660131899631 1
2 8 5 1 7 1 13 1 17 1 41 1 73 1 97 1 193 1 577 1 769 1 6481 1 7297 1 68737 1 76801 1 21523361 1 96948097 1 24127552321 1 70613232600577 1 926510094425921 1
2 3 76631 1 459991849 1 503803759819 1 2549755542947 1 20591603926857377806745611 1 48845962828028421155731228333 1
2 4 5 1 29 1 197 1 491 1 547 1 1093 1 4019 1 8233 1 16493 1 16661 1 51157 1 131713 1 251325313 1 857643277 1 127522693159 1 426712077457 1 34013149495921 1
198  2 3 7 1 13 1 19 1 23 1 37 1 67 1 199 1 397 1 661 1 757 1 3851 1 4357 1 25411 1 176419 1 3186217 1 337448233 1 2413941289 1 378450588583 1 12812432238302009985937 1
200  2 5 5 3 11 2 41 1 61 1 101 1 151 1 1181 1 8951 1 133201 1 391151 1 394201 1 22996651 1 42521761 1 18055139801 1 61070817601 1 61459926512826500975801 1
202  2 3 379963 1 33034273 1 465092326319 1 50316775668019759306202964023 1 1017291527198723292208309354658785077827527 1
204  2 4 5 1 7 1 13 1 73 1 103 1 307 1 409 1 613 1 1021 1 1871 1 12853 1 30091 1 34511 1 956353 1 49637281 1 129159847 1 1743831169 1 99810171997 1 187668407555352123529 1
149  2 1 7451 1 177941761 1 46509804063632583432467217805311362636553293639540930405531 1
151  2 1 1511 1 6263783 1 64745079361 1 905673230703550690601003473107008473103084254587061 1
153  2 1 13 1 757 1 1871 1 12853 1 34511 1 6213394261 1 35106034213 1 99810171997 1 28090626041813012073462457 1
155  2 1 11 2 311 1 683 1 102673 1 4404047 1 3586225081 1 1078579799806668629607014283525941686969924751 1
157  2 1 9421 1 3381925092493 1 9891109125337566719 1 1283810768507270931382867729773882314783 1
159  2 1 13 1 107 1 24169 1 712550912937217 1 3747607031112307667 1 40559607827224525043263763418498193 1
161  2 1 47 1 1093 1 1001523179 1 636961216046002471921398696960338364910115196955450597747751689 1
163  2 1 5227348213873 1 8882811705390167 1 6351885141964057411259499526611848626072045955243 1
165  2 1 11 3 13 1 23 1 1321 1 3851 1 4561 1 50821 1 2413941289 1 560088668384411 1 4183739978746243239852385111562221 1
167  2 1 58451 1 88177 1 1767863 1 10063060897082377 1 260551495718621260054268273374657473120059796409 1
169  2 1 2029 1 797161 1 163264150141 1 814222556753878193601980463083668707558864014894642043902929 1
171  2 1 13 1 229 1 757 1 1597 1 119701 1 248749 1 363889 1 1824179209 1 27203787889921135221329070240968055313746007669 1
173  2 1 347 1 762239 1 2125048865543 1 30985428700388045508959018054392810762033149280306907746766819 1
175  2 1 11 2 71 1 1093 1 8951 1 109201 1 391151 1 2664097031 1 1430128198787051 1 11459299580388289258664119605215721251 1
177  2 1 13 1 709 1 14425532687 1 489769993189671059 1 2224898159852613649 1 9736622508037946817946068730077829 1
179  2 1 359 1 56207 1 100957 1 19510643 1 291066066130451 1 6779963644378513811 1 161868664744491655705858963594331 1
181  2 1 90863 1 890159 1 1412740676235815729693013611798695493926336144083867368022228212267580445753 1
183  2 1 13 1 733 1 603901 1 97806913 1 2421854958301 1 105293313660391861035901 1 7165195867462155138286987098273769 1
185  2 1 11 2 2221 1 17761 1 35521 1 146891 1 13097927 1 228082801 1 17189128703 1 49804972211 1 87841814842081 1 1654235911196704741 1
187  2 1 23 1 1871 1 3851 1 6359 1 34511 1 1272753542934479 1 3411926755457243 1 527447346649058852221083363397206345775307 1
189  2 1 13 1 109 1 433 1 757 1 1093 1 8209 1 368089 1 144542918285300809 1 49888641454623789553 1 67775349707440873247475442867753 1
191  2 1 383 1 311713 1 9593931911 1 5890868591760365434332005074929710400548909181468214858888800348369500317 1
193  2 1 6563 1 29723 1 2346066378779 1 218246094772601642186973037 1 607981469094652492202396647678317419649770543 1
195  2 1 11 2 13 2 131 1 313 1 2341 1 4561 1 6553 1 7333 1 797161 1 3701101 1 39838501 1 110133112994711 1 98139929939748977208994554331725481 1
197  2 1 9851 1 741019334164502879 1 11472574961994477441469621 1 58733573000937067164211172290216978734891718609 1
201  2 1 13 1 221101 1 1089421 1 441019876741 1 475384700124973 1 606888680894320302113812772385855126907748678398622467309 1
203  2 1 59 1 1093 1 2843 1 28537 1 735673 1 20381027 1 45710553733635551271263934571653147487690442652554544220310250384660059 1
205  2 1 11 2 83 1 6971 1 31981 1 2526913 1 86950696619 1 65601426257068882740808329269766819608728424724067187242117750270751 1
207  2 1 13 1 47 1 277 1 757 1 829 1 1657 1 4969 1 1001523179 1 2461243576713869557 1 134738353536933730552513618349505999724046176185208477 1
209  2 1 23 1 419 1 1597 1 2927 1 3851 1 363889 1 99381983898121 1 340838185560681043030809047 1 1222487396439951792867078883996125166979 1
211  2 1 2111 1 962188370639 1 54046656969013 1 5676687374958905209 1 1695949409060064182746451 1 22260233052088235975354234411 1
213  2 1 13 1 5113 1 22716867932413 1 115264393627813 1 3613512804721129 1 89665588664737776553 1 3754733257489862401973357979128773 1
215  2 1 11 2 431 1 8477881 1 380808546861411923 1 14491125481091320910774351 1 781053905037712555192394595228515676273221687831 1
217  2 1 683 1 1093 1 20399 1 102673 1 4404047 1 24040333283 1 20545698698839917414079969 1 5042697757897197583937774496999119335532852173 1
219  2 1 13 1 11243 1 20149 1 135781 1 15768033143 1 9460375336977361 1 2587741161535425204771363976763072254792575423514277924289333901 1
221  2 1 443 1 1871 1 34511 1 797161 1 60923689584342791398642907184808386306560206807547243570697195224906504237067588551869427 1
223  2 1 54473097204950819531444809 1 229523806583019160757328140035039965995090154366780957756461054952218263816107757 1
225  2 1 11 2 13 1 181 1 601 1 757 1 1621 1 4561 1 8951 1 9601 1 116101 1 391151 1 875701 1 927001 1 2098303812601 1 286870274711101 1 515009259868501 1 119634969443826601 1
208  2 6 5 1 17 1 41 1 53 1 193 1 1249 1 13729 1 398581 1 797161 1 475356961 1 2093124281 1 4795973261 1 37644053098601 1 780464337846444296785447886881 1
210  2 3 7 2 11 2 13 1 31 1 43 1 61 1 71 1 211 1 271 1 421 1 547 1 1051 1 1093 1 2269 1 4561 1 6301 1 24151 1 368089 1 1616161 1 3369031 1 3454081 1 2664097031 1 26751945361 1 374857981681 1
212  2 4 5 1 107 1 24169 1 90313 1 78719947 1 609422621 1 1481588501 1 61557605176233223 1 3747607031112307667 1 460740683381672021327601001 1
216  2 5 5 1 7 1 13 1 19 1 37 1 41 1 73 1 109 1 433 1 757 1 2161 1 6481 1 8209 1 15121 1 19441 1 19927 1 530713 1 10512289 1 16569793 1 282429005041 1 3958044610033 1 150094634909578633 1
218  2 3 1091 1 521402591 1 1992772009 1 3499901929 1 239789806103 1 5933538193981 1 7696680097963 1 27866471458012723 1 10624346875389299603 1
220  2 4 5 2 11 3 23 1 61 1 67 1 661 1 1181 1 1321 1 3851 1 5501 1 177101 1 570461 1 659671 1 24472341743191 1 560088668384411 1 927319729649066047885192700193701 1
222  2 3 7 1 13 1 223 1 18427 1 107671 1 13097927 1 18702169 1 25709599 1 56737873 1 78539161 1 119779213 1 17189128703 1 64326272436179833 1 6962353413269964253 1
224  2 7 5 1 17 1 29 1 41 1 113 1 193 1 547 1 1093 1 14561 1 16493 1 19489 1 45697 1 101921 1 430697 1 643553 1 647753 1 21523361 1 67765601 1 378369377 1 5685756833 1 36214795668330833 1
229  2 1 8047106008391 1 32356561399076305309 1 284663996630519253661 1 634538541879036040523 1 193795952251956993033428990650021813 1
231  2 1 13 1 23 1 1093 1 3697 1 3851 1 368089 1 51457561 1 2413941289 1 7151459701 1 73155606217 1 76831835389 1 9592974016403852681107579746773665955769529 1
233  2 1 467 1 27599172691870182517 1 6354979252162209284471 1 38247482016765032274959 1 235663554277284144371286817356030779989411991 1
235  2 1 11 2 1223 1 5171 1 21997 1 5112661 1 11321831 1 96656723 1 1287586151 1 30168205545535224185322498361 1 1816324897099196693903839041516429235091 1
237  2 1 13 1 37520893 1 432853009 1 392038110671 1 145171177264407947 1 52802131282482966001751707837 1 94251934933904430405353683133566414129 1
228  2 4 5 1 7 1 13 1 73 1 229 1 457 1 1597 1 2281 1 2851 1 3079 1 7753 1 53923 1 101917 1 248749 1 363889 1 5301533 1 1162320517 1 1824179209 1 25480398173 1 3093009324389492947932121 1
230  2 3 11 2 47 1 61 1 6211 1 48991 1 1975931 1 1001523179 1 23535794707 1 6273542442241 1 52370346649565455417091 1 4232020527831352569905247101633701 1
232  2 5 5 1 41 1 59 1 233 1 523 1 4177 1 6091 1 12413 1 28537 1 5385997 1 20381027 1 37945127666529000523013 1 277991360381003661564752468378981135693842991081 1
234  2 3 7 1 13 2 19 1 37 1 79 1 157 1 313 1 757 1 937 1 1171 1 2887 1 6553 1 7333 1 10141 1 37441 1 398581 1 797161 1 2161927 1 4162861 1 43264261 1 1846794457 1 6079786129 1 2821964307371847613 1
238  2 3 103 1 239 1 307 1 547 1 1021 1 1093 1 1871 1 34511 1 7719769 1 44626806191326911791 1 397881837642577477902049 1 1098440018152695917905622020432593239209 1
240  2 6 5 2 7 1 11 2 13 1 17 1 31 1 41 1 61 1 73 1 97 1 193 1 241 1 271 1 577 1 769 1 1181 1 4561 1 4801 1 6481 1 13921 1 14401 1 298801 1 26050081 1 42521761 1 47763361 1 128653413121 1 51383579021948491809121 1
242  2 3 23 1 67 1 661 1 727 1 2179 1 3851 1 11617 1 74779 1 3981923614021 1 657890411545272648205502849240259841 1 256900099994436377787031292704214632407889 1
244  2 4 5 1 367 1 180317 1 603901 1 262199473 1 39504363995133913 1 105293313660391861035901 1 86630432442539925437931403 1 865923475887669700104067517 1
246  2 3 7 1 13 1 83 1 33703 1 51169 1 2337001 1 2526913 1 40049539 1 86950696619 1 130099576237 1 15606752580607 1 270547105429567 1 1999827817517387044561568810795329 1
248  2 5 5 1 41 1 683 1 6883 1 102673 1 4404047 1 1403808961 1 2860659169 1 9500438809 1 22434744889 1 81516726600079249 1 21775844224805408923066692226998392022049 1
250  2 3 11 2 61 1 151 1 251 1 2251 1 8951 1 100501 1 391151 1 22996651 1 358291751 1 14781691751 1 391632555001 1 989947158849251 1 2278135721427929786778229917312351656251 1
252  2 4 5 1 7 2 13 1 19 1 29 1 37 1 43 1 73 1 127 1 547 1 757 1 883 1 1093 1 2269 1 2521 1 2857 1 16493 1 368089 1 530713 1 1180369 1 109688713 1 550554229 1 475110761833 1 40226570408250073 1 144542918285300809 1
254  2 3 5843 1 22861 1 63247 1 681229 1 21520151 1 52147471 1 76082653 1 301515315752300874236564235591357673 1 13030796206528578864006320088875125740738871 1
256  2 10 5 1 17 1 41 1 193 1 257 1 275201 1 21523361 1 138424618868737 1 926510094425921 1 3913786281514524929 1 153849834853910661121 1 1716841910146256242328924544641 1
258  2 3 7 1 13 1 431 1 1549 1 4129 1 27091 1 1651439941 1 2199072289 1 28395735937 1 7822354593043 1 380808546861411923 1 82064241848634269407 1 912851565662857110894244969 1
260  2 4 5 2 11 2 53 1 61 1 131 1 1181 1 398581 1 797161 1 3701101 1 4795973261 1 82669546937641 1 110133112994711 1 105919308797935444986721 1 85515537811724373585467087637721 1
243  2 1 13 1 109 1 433 1 757 1 3889 1 8209 1 70957 1 1190701 1 6627097 1 12557612956332313 1 21835473162448454819220238921 1 19149704835029612299033896988868835457 1
245  2 1 11 2 71 1 491 1 1093 1 4019 1 8233 1 32341 1 51157 1 131713 1 2664097031 1 4430152977536859072181134657493233649089245714747389001639572141363110009421 1
247  2 1 1597 1 14327 1 363889 1 797161 1 50427403417 1 85336889516918333646696709 1 123634978316170336137330788562343247835605751304272686452015331 1
264  2 5 5 1 7 1 13 1 23 1 41 1 67 1 73 1 89 1 661 1 3851 1 5501 1 6481 1 25411 1 176419 1 570461 1 660001 1 2382953 1 2413941289 1 11096576833 1 56625998353 1 13490012358249728401 1 20431242370346923068097 1
266  2 3 547 1 1093 1 1597 1 2851 1 11173 1 101917 1 363889 1 1084483 1 1256610601 1 8757948941961838067 1 257513776243156826379279929309507 1 295966423763788589324732476512991 1
268  2 4 5 1 269 1 1609 1 1877 1 11257 1 221101 1 5390821 1 50546266229 1 441019876741 1 475384700124973 1 719571227339189 1 2583985068397606535128513 1 4299412981246169975118907 1
270  2 3 7 1 11 2 13 1 19 1 31 1 37 1 61 1 109 1 181 1 271 1 433 1 541 1 757 1 1621 1 3511 1 4561 1 4591 1 8209 1 19441 1 19927 1 387631 1 451441 1 487891 1 755551 1 927001 1 53825041 1 73321201 1 86548771 1 773618132427345151923061 1
272  2 6 5 1 17 2 41 1 103 1 137 1 193 1 307 1 1021 1 1871 1 34511 1 956353 1 5641553 1 23229617 1 1743831169 1 6458150122561 1 3833564416504313 1 2670091735108484737 1 1981703105982814843334309489 1
253  2 1 23 2 47 1 3851 1 1001523179 1 38636905168680714294388463 1 694795605450302885931482069023906496640308871072578393444435496767723247212161 1
255  2 1 11 2 13 1 1871 1 4561 1 12853 1 34511 1 99810171997 1 2663568851051 1 862970652262943171 1 16960184261245211770124551477792778196298722974881637673135361 1
276  2 4 5 1 7 1 13 1 47 1 73 1 139 1 277 1 5107 1 9109 1 132619 1 1476463 1 12553493 1 1001523179 1 23535794707 1 70601370627701 1 2461243576713869557 1 1076050302914923449767311155851656076154481 1
2 5 3 2 5 1 11 1 17 1 233 1
2 4 3 3 5 1 7 1 11 1 373 1 8011 1
2 6 3 2 5 1 11 1 17 1 233 1 281 1 111641 1
2 4 3 2 5 2 11 1 31 1 131 1 691 1 701 1 400291 1
2 5 3 3 5 1 7 1 11 1 13 2 17 1 229 1 233 1 373 1 1621 1 8011 1
2 4 3 2 5 1 11 1 329617 1 1491001 1 502628805631 1
2 7 3 2 5 1 11 1 17 1 97 1 233 1 281 1 111641 1 20291694874753 1
2 3 11 1 131 1 691 1 701 1
2 3 11 1 502628805631 1
2 3 11 1 73 1 8011 1 6807972547 1
2 3 11 2 67 1 2530067 1 16912503169 1
2 3 11 1 53 1 79 1 2003 1 29785404613009501 1
2 3 11 1 131 1 691 1 701 1 8011 1 3892362992828641 1
2 3 11 1 409 1 2738039191709 1 13995372836850701 1
2 3 11 1 407741 1 304468992684888692702752314551 1
21  2 3 11 1 4327 1 8011 1 6815459113 1 8281163311 1 502628805631 1
23  2 3 11 1 47 1 24841 1 1055609 1 6320005607441457527518012908577 1
25  2 3 11 1 131 1 691 1 701 1 3802641100328251 1 255690619312203871750351 1
27  2 3 11 1 73 1 109 1 8011 1 266367259 1 6807972547 1 4227783894087055163599861 1
29  2 3 11 1 17175865789597 1 266834785363181152127 1 844629873491933246639 1
31  2 3 11 1 311 1 1117 1 88266106870528037573392142012800765708045277877798773 1
33  2 3 11 2 67 1 331 1 1123 1 8011 1 12211 1 2530067 1 16912503169 1 35708105929 1 5931542120551685683 1
35  2 3 11 1 71 1 131 1 691 1 701 1 3221 1 3139991 1 502628805631 1 83999238361920629083112156644098941 1
37  2 3 11 1 1481 1 921079 1 3105041 1 28925639 1 53025666928225013361727 1 2345628306482488482010403 1
39  2 3 11 1 53 1 79 1 157 1 2003 1 8011 1 75692305417 1 29785404613009501 1 5075771414285828775498302932204909 1
41  2 3 11 1 58631 1 994938814090704962309 1 16390187623559828431479458963406156852507152774984419 1
43  2 3 11 1 7573342771994130615522569017449106969771683171811814657814243611224093474194720211 1
45  2 3 11 1 73 1 131 1 691 1 701 1 8011 1 24703741 1 5869174411 1 6807972547 1 3892362992828641 1 420745812771180172831231619071 1
47  2 3 11 1 475168497376063793664595366231925074732194660541461281907913805888132377764452416406845831 1
22  2 4 3 2 5 1 11 2 23 1 67 1 2530067 1 56086691 1 16912503169 1 23903412677 1
24  2 6 3 3 5 1 7 1 11 1 13 2 17 1 229 1 233 1 281 1 373 1 1621 1 8011 1 111641 1 46644217 1 84396073 1
26  2 4 3 2 5 1 11 1 53 1 79 1 2003 1 29785404613009501 1 244246065747870338744593 1
28  2 5 3 2 5 1 11 1 17 1 29 1 233 1 329617 1 1230013 1 1491001 1 502628805631 1 6923370217853993 1
30  2 4 3 3 5 2 7 1 11 1 31 1 131 1 373 1 691 1 701 1 8011 1 33151 1 400291 1 120081279391 1 3892362992828641 1
32  2 8 3 2 5 1 11 1 17 1 97 1 233 1 281 1 111641 1 20922017 1 207158566177 1 1787737143809 1 20291694874753 1
34  2 4 3 2 5 1 11 1 103 1 409 1 1702753891507 1 2738039191709 1 13995372836850701 1 87377275181290637 1
36  2 5 3 4 5 1 7 1 11 1 13 2 17 1 19 1 37 1 73 1 181 1 229 1 233 1 373 1 1621 1 8011 1 6807972547 1 8718957649 1 36880753108073041513 1
38  2 4 3 2 5 1 11 1 419 1 58711 1 407741 1 1726379 1 2858235254856451102639 1 304468992684888692702752314551 1
40  2 6 3 2 5 2 11 1 17 1 31 1 41 1 61 1 131 1 233 1 281 1 691 1 701 1 3821 1 111641 1 400291 1 2196361 1 16887227561 1 202717901041 1 848907593441 1
42  2 4 3 3 5 1 7 2 11 1 43 1 127 1 373 1 4327 1 8011 1 8443 1 31333 1 329617 1 1491001 1 6815459113 1 8281163311 1 24698067997 1 502628805631 1
44  2 5 3 2 5 1 11 2 17 1 23 1 67 1 233 1 2530067 1 56086691 1 16912503169 1 23903412677 1 48635399341 1 19989080728210540401054547861 1
46  2 4 3 2 5 1 11 1 47 1 1657 1 24841 1 1055609 1 3529029013 1 1326434916407 1 981892540445219419 1 6320005607441457527518012908577 1
48  2 7 3 3 5 1 7 1 11 1 13 2 17 1 97 1 229 1 233 1 241 1 281 1 373 1 1621 1 8011 1 111641 1 235537 1 8798113 1 46644217 1 84396073 1 20291694874753 1 31029472233584161 1
50  2 4 3 2 5 3 11 1 31 1 131 1 601 1 691 1 701 1 8101 1 43151 1 400291 1 3802641100328251 1 255690619312203871750351 1 925605996716440548672556751 1
52  2 5 3 2 5 1 11 1 17 1 53 1 79 1 233 1 937 1 2003 1 128301124809001 1 29785404613009501 1 244246065747870338744593 1 507382261644942929632324294033 1
54  2 4 3 5 5 1 7 1 11 1 19 1 73 1 109 1 373 1 1459 1 8011 1 166111399 1 266367259 1 6807972547 1 8718957649 1 168827868376319468539351 1 4227783894087055163599861 1
56  2 6 3 2 5 1 11 1 17 1 29 1 233 1 281 1 111641 1 329617 1 1230013 1 1491001 1 502628805631 1 6923370217853993 1 380450230677879897641 1 160347539735578661290020281 1
58  2 4 3 2 5 1 11 1 59 1 379260174973 1 17175865789597 1 266834785363181152127 1 844629873491933246639 1 169152503775023144398964938150299540645727 1
60  2 5 3 3 5 2 7 1 11 1 13 2 17 1 31 1 61 1 131 1 229 1 233 1 373 1 541 1 691 1 701 1 1621 1 3821 1 8011 1 33151 1 199501 1 400291 1 16887227561 1 120081279391 1 3892362992828641 1 143599388015931460820041 1
2 5 3 2 3169 1
2 5 3 1 11 1 31 1 262321 1
2 5 3 1 43 1 967 1 20241187 1
2 5 3 3 1153 1 3169 1 240813217 1
2 5 3 1 89 1 837197335075000483 1
2 5 3 1 53 1 79 1 20359 1 8224356155341457 1
2 5 3 2 11 1 31 1 3169 1 244471 1 262321 1 31728277831 1
2 5 3 1 62065212901958868055012327674641 1
2 5 3 1 21433 1 280314943 1 97199158345481611029493 1
2 5 3 2 43 1 967 1 3169 1 11299 1 20241187 1 1462536223 1 41554125397 1
2 5 3 1 47 1 10021699 1 160026187716961 1 685880385513120464179 1
2 5 3 1 11 1 31 1 101 1 262321 1 53841024058423007561487815324533951201 1
2 5 3 4 109 1 1153 1 3169 1 94336327 1 240813217 1 18735466069698085279332883 1
2 5 3 1 243311 1 105668621839502584913 1 1674947788493753179095247410947 1
2 5 3 1 894227 1 5234599 1 86560814174154135219046318815578701530065478419 1
2 5 3 2 89 1 3169 1 17491 1 59951707869637 1 837197335075000483 1 5132375942774165349727 1
2 5 3 1 11 1 31 1 43 1 967 1 39761 1 262321 1 687121 1 20241187 1 504769301 1 34549173843451574629911361501 1
2 5 3 1 337507116686293990049793563249167463387817822419468016366663340756115941 1
2 5 3 2 53 1 79 1 3169 1 15601 1 20359 1 3847492817726689 1 8224356155341457 1 7937638979074787305339109809 1
2 5 3 1 2707 1 2789 1 3402425968759 1 160296036096842000351 1 7256407013778292029505951038072042332543 1
2 5 3 1 297873401717 1 943803569044693240741742722138484804807832469632719164836978873986379071 1
2 5 3 3 11 1 31 1 1153 1 3169 1 185221 1 244471 1 262321 1 79921351 1 240813217 1 31728277831 1 27996893864560261 1 1161604415984302351 1
2 5 3 1 1129 1 474925389347 1 1842480814797353886839 1 25192889033071001087753314994572377853269833154221501771 1
2 5 3 1 43 1 491 1 967 1 2280167 1 20241187 1 1998761059 1 124337981103326921210244777352962457214344374930161302883718812641 1
2 5 3 2 103 1 307 1 3169 1 36591073 1 141115221038394964057 1 22870247557916835955760943037621 1 62065212901958868055012327674641 1
2 7 3 1 5 1 7 2 941 1
2 6 3 2 7 2 67 1 139 1 3169 1
2 8 3 1 5 1 7 2 233 1 941 1 189977 1
2 6 3 1 7 2 11 1 31 1 3931 1 22291 1 262321 1
2 7 3 2 5 1 7 2 13 1 37 1 67 1 73 1 139 1 941 1 2521 1 3169 1
2 6 3 1 7 3 43 1 71 1 113 1 967 1 14680513 1 20241187 1
2 9 3 1 5 1 7 2 17 1 233 1 941 1 189977 1 230512752775793 1
2 6 3 1 7 3 43 1 71 1 113 1 967 1 14680513 1 20241187 1
2 9 3 1 5 1 7 2 17 1 233 1 941 1 189977 1 230512752775793 1
2 6 3 3 7 2 19 1 67 1 139 1 1153 1 3169 1 240813217 1 43840583803 1
2 7 3 1 5 2 7 2 11 1 31 1 941 1 3931 1 22291 1 262321 1 1567320142178381 1
2 6 3 1 7 2 23 1 89 1 353 1 6007 1 349603 1 4280827 1 837197335075000483 1
2 8 3 2 5 1 7 2 13 1 37 1 67 1 73 1 139 1 233 1 941 1 2521 1 3169 1 5281 1 189977 1 1484081330401 1
2 6 3 1 7 2 53 1 79 1 20359 1 2892928273 1 237393489259057 1 8224356155341457 1
2 7 3 1 5 1 7 3 29 1 43 1 71 1 113 1 941 1 967 1 14869 1 15541 1 14680513 1 20241187 1 103527550008317 1
2 6 3 2 7 2 11 1 31 1 61 1 67 1 139 1 3169 1 3931 1 22291 1 244471 1 262321 1 31728277831 1 129806937738901 1
2 10 3 1 5 1 7 2 17 1 233 1 941 1 7681 1 189977 1 580417 1 230512752775793 1 6889058352154370361793 1
2 6 3 1 7 2 109141 1 170851 1 280609141 1 11619465178051 1 62065212901958868055012327674641 1
2 7 3 3 5 1 7 2 13 1 19 1 37 1 67 1 73 1 139 1 941 1 1153 1 2161 1 2521 1 3169 1 41617 1 1194157 1 240813217 1 6460614757 1 43840583803 1
2 6 3 1 7 2 21433 1 778051 1 280314943 1 97199158345481611029493 1 735239464611390368629403564683 1
2 8 3 1 5 2 7 2 11 1 31 1 41 1 233 1 601 1 941 1 3931 1 4721 1 22291 1 189977 1 262321 1 1567320142178381 1 528026129461182618738001 1
2 6 3 2 7 3 43 1 67 1 71 1 113 1 139 1 967 1 3169 1 11299 1 14680513 1 20241187 1 1462536223 1 41554125397 1 700994606958659438042689 1
2 7 3 1 5 1 7 2 23 1 89 1 353 1 941 1 6007 1 41141 1 349603 1 4280827 1 837197335075000483 1 132164155937477630849590434448445021 1
2 6 3 1 7 2 47 1 10021699 1 2883806701 1 160026187716961 1 685880385513120464179 1 17561340588461759764701354251412613 1
2 9 3 2 5 1 7 2 13 1 17 1 37 1 67 1 73 1 139 1 233 1 941 1 2521 1 3169 1 5281 1 189977 1 1484081330401 1 230512752775793 1 61425365346268562608764173218561 1
2 6 3 1 7 2 11 1 31 1 101 1 3931 1 22291 1 262321 1 488700001 1 6808853110601 1 1634249573288071001 1 53841024058423007561487815324533951201 1
2 7 3 1 5 1 7 2 53 1 79 1 313 1 941 1 20359 1 2892928273 1 237393489259057 1 8224356155341457 1 1537910740381352285884966270470642889877429641 1
2 6 3 4 7 2 19 1 67 1 109 1 139 1 1153 1 2377 1 3169 1 94336327 1 240813217 1 43840583803 1 278834878479799 1 871996893714269551 1 18735466069698085279332883 1
2 8 3 1 5 1 7 3 29 1 43 1 71 1 113 1 233 1 941 1 967 1 14869 1 15541 1 117881 1 189977 1 14680513 1 20241187 1 28128689 1 948256457 1 10223711233 1 103527550008317 1 14975934491282129 1
53  2 5 3 1 1340216513 1 2608744640283223309289 1 5929582946741988252213566334740639595824689106555394557410995097068922733 1
55  2 5 3 1 11 2 31 1 89 1 4951 1 262321 1 43883461604949781 1 837197335075000483 1 16610588068276111831809911 1 737220446464342834494734496016711 1
57  2 5 3 2 3169 1 21433 1 280314943 1 505111657 1 8612468874349 1 260231876844631 1 97199158345481611029493 1 292016141084902882555335990261675883 1
60  2 7 3 2 5 2 7 2 11 1 13 1 31 1 37 1 61 1 67 1 73 1 139 1 241 1 941 1 2521 1 3169 1 3931 1 22291 1 244471 1 262321 1 6621361 1 11761268521 1 31728277831 1 3273221752441 1 129806937738901 1 1567320142178381 1
63  2 5 3 3 43 1 967 1 1153 1 3169 1 3907 1 11299 1 20241187 1 240813217 1 1462536223 1 41554125397 1 769575617803787383 1 111093141221160295798917328853460797579017025360749 1
64  2 11 3 1 5 1 7 2 17 1 233 1 577 1 941 1 7681 1 189977 1 580417 1 3383617 1 230512752775793 1 6889058352154370361793 1 7945515510050211237875713 1 121614794324772848077377462913 1
65  2 5 3 1 11 1 31 1 53 1 79 1 20359 1 37571 1 262321 1 169095161 1 8224356155341457 1 38691882808658382031 1 488555970760852938471732039811 1 1909961532989320632160498951320751 1
66  2 6 3 2 7 2 23 1 67 1 89 1 139 1 353 1 3169 1 6007 1 17491 1 349603 1 403591 1 4280827 1 53701099 1 59951707869637 1 837197335075000483 1 5132375942774165349727 1 253491793561792711315814821 1
2 2 5 2 10303 1
2 4 3 1 5 2 17 1 5101 1
2 2 5 3 31 1 491 1 1381 1
2 3 3 2 5 2 7 1 13 1 17 1 37 1 10303 1
2 2 5 2 71 1 15100497917 1
2 5 3 1 5 2 17 1 89 1 5101 1 584609 1
2 2 5 2 19 1 10303 1 55869535837 1
2 3 3 1 5 3 11 1 17 1 31 1 491 1 1381 1 9367291 1
2 2 5 2 23 1 1876403 1 2585122674619 1
2 4 3 2 5 2 7 1 13 1 17 1 37 1 61 1 109 1 5101 1 10303 1 15649 1
2 2 5 2 79 1 157 1 521 1 60919 1 2891083442729 1
2 3 3 1 5 2 17 1 71 1 15100497917 1 1051113090301 1
2 2 5 3 31 1 491 1 1381 1 3511 1 7321 1 10303 1 417108271 1
2 6 3 1 5 2 17 1 89 1 929 1 5101 1 584609 1 5828076994769 1
2 2 5 2 239 1 40162093 1 12338123580442797472571 1
2 3 3 3 5 2 7 1 13 1 17 1 19 1 37 1 181 1 10303 1 1954915507 1 55869535837 1
2 2 5 2 7069 1 1808982826037837 1 94474298622267623 1
2 4 3 1 5 3 11 1 17 1 31 1 491 1 1381 1 5101 1 9367291 1 10827505640180401 1
2 2 5 2 43 1 71 1 211 1 10303 1 15100497917 1 122965880031200661337 1
2 3 3 1 5 2 17 1 23 1 463 1 146543 1 1876403 1 1612088465989 1 2585122674619 1
2 2 5 2 47 1 2674814932656234398364682705905741356866709 1
2 5 3 2 5 2 7 1 13 1 17 1 37 1 61 1 89 1 97 1 109 1 5101 1 10303 1 15649 1 33529 1 584609 1 3329497177 1
2 2 5 4 31 1 491 1 1381 1 2440380080128127440061590332648845701001 1
2 3 3 1 5 2 17 1 79 1 157 1 521 1 2029 1 7307 1 60919 1 2891083442729 1 75258668960331767 1
2 2 5 2 19 1 10303 1 723439 1 55869535837 1 1653418568375032120019428396177 1
2 4 3 1 5 2 17 1 29 1 71 1 1093 1 5101 1 15100497917 1 1051113090301 1 35546410661795571833 1
2 2 5 2 10824711302231307209 1 12328309174325516340162112641276926381 1
2 3 3 2 5 3 7 1 11 1 13 1 17 1 31 1 37 1 491 1 1381 1 3511 1 7321 1 10303 1 9367291 1 417108271 1 10935769976300401 1
2 2 5 2 26041 1 184087221748933 1 70458026227904971 1 4030424715858596942745037 1
2 7 3 1 5 2 17 1 89 1 353 1 929 1 5101 1 584609 1 1822529 1 97562593 1 5828076994769 1 934070158539361 1
2 2 5 2 23 1 10303 1 1876403 1 60876405613 1 2585122674619 1 198452932767325821693227927677 1
2 3 3 1 5 2 17 2 239 1 13397 1 40162093 1 12338123580442797472571 1 509808067590118561775743949 1
2 2 5 3 31 1 71 1 281 1 491 1 631 1 1381 1 2731 1 15100497917 1 671890664201 1 3863986594817102189551312261 1
2 4 3 3 5 2 7 1 13 1 17 1 19 1 37 1 61 1 109 1 181 1 2377 1 5101 1 10303 1 15649 1 1954915507 1 55869535837 1 474053441367651746113 1
2 2 5 2 1999 1 11471 1 275066876202623893829603 1 229107053859712562986811744594328490567951 1
2 3 3 1 5 2 17 1 4561 1 7069 1 1808982826037837 1 94474298622267623 1 259684398081675309720705488279941 1
2 2 5 2 79 1 157 1 521 1 10303 1 60919 1 1071487 1 611379791569 1 2891083442729 1 1919084212639442636707549991167 1
2 5 3 1 5 3 11 1 17 1 31 1 41 1 89 1 491 1 1381 1 5101 1 163601 1 584609 1 9367291 1 515674241 1 10827505640180401 1 33899768126719721 1
2 2 5 2 25557023 1 1063643813 1 48862849949 1 6080012361443260953036287 1 18620296277327523363569543593 1
2 3 3 2 5 2 7 2 13 1 17 1 37 1 43 1 71 1 211 1 10303 1 7258861 1 15100497917 1 1051113090301 1 22395890821002763 1 122965880031200661337 1
2 2 5 2 400969067 1 3825676142692766760743089760123435365057646275248175719769610216431200352229 1
2 4 3 1 5 2 17 1 23 1 463 1 1409 1 5101 1 146543 1 214853 1 1876403 1 1612088465989 1 2585122674619 1 40302546597815808211540308331813 1
2 2 5 3 19 1 31 1 491 1 1381 1 2521 1 3511 1 7321 1 10303 1 7122331 1 43437151 1 417108271 1 55869535837 1 100886538061 1 16137007416623843641 1
2 3 3 1 5 2 17 1 47 1 599 1 82711037 1 2487717933757219954555985333801927 1 2674814932656234398364682705905741356866709 1
2 2 5 2 16921 1 387373907 1 903805807601 1 26944681277972366356775535880133239010565563817157177832887092949801 1
48  2 6 3 2 5 2 7 1 13 1 17 1 37 1 61 1 89 1 97 1 109 1 929 1 1249 1 1873 1 5101 1 10303 1 15649 1 33529 1 584609 1 16303873 1 3329497177 1 5828076994769 1 3074333525471164081 1
50  2 3 3 1 5 4 11 1 17 1 31 1 151 1 491 1 701 1 1381 1 9367291 1 27595151 1 405048401 1 10313185122435134101 1 2440380080128127440061590332648845701001 1
51  2 2 5 2 239 1 307 1 409 1 10303 1 11527 1 1656073 1 40162093 1 2272510327 1 12338123580442797472571 1 2499192391383014478396156469635017571931 1
52  2 4 3 1 5 2 17 1 53 1 79 1 157 1 521 1 2029 1 5101 1 7307 1 60919 1 2891083442729 1 17981408233153 1 75258668960331767 1 1332204292265351529660783124396589 1
2 1 3 2 17 1 3571 1
2 5 3 1 5 1 13 1 17 1 1061 1
2 1 3 1 11 1 17 1 10332211 1
2 4 3 2 7 1 13 1 17 1 19 1 79 1 3571 1
2 1 3 1 17 1 29 1 71 1 585604027 1
2 6 3 1 5 1 13 1 17 1 1061 1 56275441 1
2 1 3 3 17 1 127 1 3571 1 14437 1 217081 1
2 4 3 1 11 1 13 1 17 1 1171 1 95191 1 10332211 1
2 1 3 1 17 1 199 1 27457 1 24837228904511 1
2 5 3 2 5 1 7 1 13 1 17 1 19 1 37 1 79 1 97 1 1061 1 3571 1 31357 1
13  2 1 3 1 17 1 313 1 46567 1 246637 1 400500370843 1
14  2 4 3 1 13 1 17 1 29 1 71 1 407191 1 2904217 1 585604027 1
15  2 1 3 2 11 1 17 1 31 1 61 1 1201 1 3571 1 10332211 1 5523655771 1
16  2 7 3 1 5 1 13 1 17 1 1061 1 10433 1 56275441 1 607097709857 1
17  2 1 3 1 17 2 1879495234129 1 5071570862542629217 1
18  2 4 3 3 7 1 13 1 17 1 19 1 79 1 127 1 3571 1 14437 1 25147 1 217081 1 47482849 1
19  2 1 3 1 17 1 1719123581448138027562643544243028633 1
20  2 5 3 1 5 2 11 1 13 1 17 1 41 1 1061 1 1171 1 95191 1 10332211 1 61787838410341 1
21  2 1 3 2 17 1 29 1 43 1 71 1 3571 1 33811 1 585604027 1 971143862115612193 1
22  2 4 3 1 13 1 17 1 23 1 199 1 27457 1 24837228904511 1 5786930897677448069 1
23  2 1 3 1 17 1 47 1 599 1 17987 1 47249959 1 841162303 1 9613717232130572179 1
24  2 6 3 2 5 1 7 1 13 1 17 1 19 1 37 1 73 1 79 1 97 1 1061 1 3571 1 31357 1 354073 1 56275441 1 490097089 1
25  2 1 3 1 11 1 17 1 701 1 10332211 1 577700122751 1 44598886554623988985262651 1
26  2 4 3 1 13 2 17 1 313 1 46567 1 246637 1 400500370843 1 108619357503813928536337 1
27  2 1 3 4 17 1 127 1 2377 1 3571 1 14437 1 35317 1 217081 1 2945377 1 5490225739 1 418027362733 1
28  2 5 3 1 5 1 13 1 17 1 29 1 71 1 337 1 1061 1 8429 1 261017 1 407191 1 2904217 1 585604027 1 1922786275117 1
29  2 1 3 1 17 1 1567 1 2843 1 3307 1 10499 1 253751 1 5886316304818528752178311764879705227 1
30  2 4 3 2 7 1 11 1 13 1 17 1 19 1 31 1 61 1 79 1 571 1 1171 1 1201 1 1231 1 3571 1 36871 1 95191 1 493531 1 10332211 1 5523655771 1
31  2 1 3 1 17 1 311303 1 53055571 1 14166365431 1 10475651805307489379162972990308391891 1
32  2 8 3 1 5 1 13 1 17 1 1061 1 10433 1 118369 1 56275441 1 34102582049 1 607097709857 1 19876520387452481 1
33  2 1 3 2 17 1 67 1 199 1 727 1 3571 1 27457 1 2383393 1 24837228904511 1 255221729535499 1 603650157339703 1
34  2 4 3 1 13 1 17 2 137 1 1879495234129 1 5071570862542629217 1 1160055890140195917655948957193 1
35  2 1 3 1 11 1 17 1 29 1 71 1 3011 1 278741 1 10332211 1 98188301 1 585604027 1 24427835427662038460066424108251 1
36  2 5 3 3 5 1 7 1 13 1 17 1 19 1 37 1 79 1 97 1 127 1 1061 1 3061 1 3571 1 14437 1 25147 1 31357 1 217081 1 47482849 1 465782713768371412333 1
37  2 1 3 1 17 1 3257 1 9103 1 125181921098979574500365291 1 788557249790932385691852845984640725221 1
38  2 4 3 1 13 1 17 1 647 1 437191 1 551744839 1 10803392553382988189 1 1719123581448138027562643544243028633 1
39  2 1 3 2 17 1 313 1 3571 1 46567 1 202567 1 246637 1 400500370843 1 30138985967296603879 1 329730715396341304380817 1
40  2 6 3 1 5 2 11 1 13 1 17 1 41 1 1061 1 1171 1 95191 1 10332211 1 56275441 1 12745652921 1 30436252681 1 413658852161 1 61787838410341 1
41  2 1 3 1 17 1 11280235197013 1 29201683272862841005901136886936122895033473146147479139991522800477 1
42  2 4 3 2 7 2 13 1 17 1 19 1 29 1 43 1 71 1 79 1 3571 1 33811 1 407191 1 2904217 1 585604027 1 971143862115612193 1 205657415444818956680167 1
43  2 1 3 1 17 1 1979 1 14879 1 418219 1 107400107332982530711 1 2642241308230309673953543649782758828530193971474377 1
44  2 5 3 1 5 1 13 1 17 1 23 1 199 1 1061 1 27457 1 454213 1 621281849 1 24837228904511 1 5786930897677448069 1 63996369010116589939546853 1
45  2 1 3 3 11 1 17 1 31 1 61 1 127 1 1201 1 3571 1 12421 1 14437 1 217081 1 810541 1 10332211 1 197105131 1 5523655771 1 137482457131 1 7451028602637686281 1
46  2 4 3 1 13 1 17 1 47 1 139 1 599 1 17987 1 47249959 1 841162303 1 9613717232130572179 1 1365236933540816647952499791542512851193613 1
