3
5
7
11
13
19
43
31
17
23
29
37
47
5839
30781
41
25117
53
19441
107
109
131
15073
13421
2029
211
9901
73
97
8971
6271
13679
79
1259
5581
421
631
5281
22366891
4733
1291
67
1021
3833
61
991
947
233
3571
743
3169
3061
3469
103
223
683
2411
2357
761
44371
191
101
2221
2801
2767
2521
2017
2437
181
2281
521
2351
2141
2731
1583
353
2083
439
157
1973
1873
1423
21589
1723
1237
71
373
1597
17351
1171
557
1181
127
1277
15901
14401
14281
241
1399
1087
14197
1069
13999
1279
1063
1213
1061
563
11807
1163
1201
1013
1093
11069
10243
997
10039
937
229
8269
967
8191
89
7699
7621
7603
7219
7019
83
6829
859
199
971
6301
881
179
5419
773
911
398581
5167
607
601
823
599
4987
571
4663
4603
733
4591
547
4421
151
4271
4259
4231
523
701
4051
643
3917
3851
139
691
3691
3659
137
3583
3541
3499
3491
59
449
443
3373
431
3221
3137
419
3121
149
653
3079
3067
409
3019
401
2857
2851
2833
2789
379
2719
113
2633
367
2617
2609
9949
2593
2557
2551
349
2393
2377
2347
877
337
2339
331
2269
2251
2243
2203
100801
317
857
2143
313
2113
311
2089
2081
307
2027
587
90271
2003
1999
88741
1931
1901
1889
1871
1861
281
1801
1789
167
1783
271
1741
1699
1693
263
1657
257
1627
65551
1621
1613
1609
1607
809
1553
1523
1511
58367
751
1489
1483
1471
1451
1429
239
1381
1373
1321
1307
1297
2267
499
1993
1289
677
1303
44273
1249
1811
577
661
1229
41761
1499
1049
491
1151
479
197
463
1129
1543
433
1117
193
397
1123
1109
941
1039
383
467
389
163
1091
839
1051
1103
1033
1031
457
887
1019
1009
227
30941
659
977
787
283
953
919
929
347
863
883
907
509
853
269
829
827
821
811
769
797
21751
757
647
173
709
19993
739
719
727
673
503
641
15661
617
613
593
5233
14029
569
619
541
11093
487
461
359
5113
293
277
3083
1361
983
251
292561
1609669
160967
2237
8233
131713
51157
25579
4019
5987
1806113
70841
17707
15797
4021
2011
3981071
82939
293459
3144457
35532364099
78233
11311
6481
10303
4561
1772893
4534166740403
31723
3500201
583367
18041
2188993
3892029553
581283643249112959
29581
8011
9137
12207031
9161
9001
3290237
229668251
314597
612067
1739911
217489
52433
26113
1187
305175781
43609
16651
390001
7321
19531
262657
11939
463501
927001
17827
4457
45319
159871
74480363
23535794707
1001523179
2384579
98519
3613
38923
11898664849
222613
5227
7951
117307
29327
8647
17293
9384251
1777
732541
178481
7793
2161
10459
5229043
1307261
184481113
231769777
25781083
209179
616318177
112303
418357
898423
920753
6763
43691
34511
826632619
31479823396757
197759
25646167
262209281
13931
579281
612928711
332207361361
6965099
1270657
519499
3319
9059
6359203
14972003
17235157
852133201
6960427883
60726444167
1654058017289
2134387368610417
14341
3188767
388586591
22538022277
45076044553
238805672881
14808607715315782481
532001
158341
88667
32063
88009573
830279
8101
47763361
356443
1803647
264031
122921
570461
5501
2693
9721
4861
14102411
18973369
56409643
13952598148481
48544121
212885833
145949
228479
17509
21149
26881
13441
66739
1207745299
386478495679
1579264051
3158528101
693877
346939
280871
131071
49905085999
99810171997
12853
6427
1559
31051
4159
22125996444329
822599
35671
13170431
42933133
14425532687
489769993189671059
8693
933329
3271
1487
830833
9181
524287
87211
272010961
97685839
135433
91463
71119
21803
2999
1217
7027
5209
29989
19676576999
24517014940753
525313
174763
148961
58043
13537
2711
1223
221982763
46616380229
1661126041959455923
30211
22901
11593
4787
8209
2803
19927
9859
234750601
19717
5112661
96656723
2556331
141311
639083
5953
21997
487824887233
748021
38737
19181
22937536978351
625552508473588471
148199
23087
10746341
3593
55897
7193
2417
7211201
1484146957
991621
660509
21557
15716917
188603003
3747607031112307667
268069
24169
111155699
46674055698701
560088668384411
19501
28393
3881
7416361
23696191
47392381
86171
368089
36809
121369
21841
8237
9225439
276763169
2767631689
14009
363889
36389
2687
21491
13267
1416223
12626857
25253713
36821797
202029703
736435939
1113491139767
203659
44257
2213
22129
10630441
21260881
42521761
38239
37140797
17839
16148168401
110563
3637
3161299
608459012088799
240589
28057
2919196853
212057
6568801
9277
4639
2131
65537
1623931
4261
8521
61681
44479210368001
10589741
2139127681
4278255361
301331
17041
25111
30841
414721
34607
5851
14621
24571
6143
4831
9661
8951
22996651
391151
262321
3247921
70607
2671
5066777
388261457
221134415387
2433363106918547
844463
11119
99907
2692999
5385997
20381027
24977
28537
6091
7001
10847
5336717
889453
15798461357509
77477
21487
1753
6163
917087137
28729
2239
248749
1824179209
68041
339307
161461131023
9520972806333758431
522061
1506443
261031
175897
84827
154877
7069
3109
1208079589
63370075786186223
380220454717117337
201485309027
4432676798593
329177
2212471
15277
99347
7639
7589
2207
3181
4289
97509721
195019441
2867933
3490051
6980101
13960201
15902993
540701761
3284146799
229890275929
20394401
69431
6361
25733
6679
44744924731301
4279136131753239833
14561
113229229
797161
266442959
4795973261
32668561
158597
77158673929
1908451
649657
92737
10529
5101
1210483
11269499
25829691707
112901153
23140471537
495181
990361
184831
224771
247591
18731
30949
2053
3631
16381
3943
8539
9067
174383117
1743831169
956353
68311
10169
12112549
43249589
164511353
181549
8831418697
15241
252283
13367
4423
2526913
86950696619
613279
5717
9967
2063
7430113
44580677
60816001
17666519842913
15320158676496352817
66047
39551
19249
7823
3463
1980469
198047
6662063
466344409
138793
169553
1068037759
168749965921
2796203
10052678938039
36833
12739
47072139617
530713
153719
3361
15790321
2341049539
88959882481
524899
14449
30431
5801
11489
7789
1987
2383
2791
2909
3413
3863
5533189
376936499
2261618993
46919171622574949
57251
251291
19433
62060021
2583253
104281
3299
2664097031
17881789
153152497
41657479183
2305843009213693951
581173
55633
322247
26417
27817
77489
86143
14713
39449441
151201
30103
3877
10007
2332951
13297103
209777463812333
4309668216560569151
31321
165799
18121
291619
55871
1320901
2641801
5283601
10567201
22286279
566918365201
1133836730401
60041
101917
68743
66571
6852691
10518217
41755771
4375578271
572278792259521
646675035253258729
13264529
442151
52457
4513
10429
20857
4327489
432749
599479
312709
31271
23311
1337411
29423041
3217
348031
282281
180567223
24985808915401
49971617830801
28792661
778307
6304673
17099
100560689513
144542918285300809
12101
2297
83641
4973
1531
1439
1231
81343
2749
1319
1193
647753
430697
16493
1433
7792003
177091
1327
1567
2137
1453
1669
1619
1283
1759
1823
144383
1155061
577531
1367
1787
2153
1427
3371783
8456276897
47339833319
523741
6703
49139
1663
2399
2111
2099
2179
3359
1571
2879
1493
1709
1447
2039
1697
2389
1979
1831
1301
2273
1409
1601
1481
1637
2333
1867
1459
2659
1579
1549
1747
3823
2129
3511
1879
3011
2939
1933
2287
2591
1877
3187
2447
3037
2467
2689
82073
127540261
71316922984999
30703
1153
2069
2549
3167
2699
1949
2729
2741
3313
3191
8563
2657
251101831
3323
1721
3779
3209
4637
4079
3539
1907
2473
2971
2531
2539
2459
2579
1097
2543
6217
492103
5844203
1582489
93507247
18733504781
1080107531598525697
1212847
352123
32377
16189
2311
2423
3673
3527
3529
3307
2713
3163
2777
3547
3089
3203
3343
3727
2897
1951
3643
147073
3251
2969
228511817
3677
6263
12583
407865361
19597
43331
529510939
2903110321
715827883
195443
29189717
350432068432741
658812288653553079
2147483647
3033169
3407
3793
4273
2663
4357
1913
2963
3931
3889
3391
1733
3701
3739
8389
1997
3331
3923
8627
3767
3389
3989
2843
10037
4721
3907
3671
3557
3449
4057
27919
18401
13709
24697
55837
1863581
67280421310721
3350209
6700417
335021
274177
137089
9439
2887
2927
3257
4327
3457
3947
10559
2441
3709
4547
3329
2677
2957
5743
8543
8447
4441
3803
2293
3371
4099
3001
2753
3347
3607
3301
4219
5651519
2141993519227
10639
4049
5443
3797
8623
5107
3761
3533
7129
4679
10271
2861
4091
5659
4139
9109
234149
131311
236458529
269089806001
4710883168879506001
262621
37813
10891
8719
10883
8831
9791
4969
9929
10531
2683
3433
4759
3467
3461
8419
36721
9187
9497
1207027
192499963465541
36821
5003
10463
8287
3769
10937
4909
8243
9311
9199
9839
4409
5647
8123
9127
8581
10993
9151
9743
8297
8231
8273
4127
4877
353641
9007
5171
8963
9431
3049
3617
8839
9631
10631
8573
10597
8609
9091
8147
9719
15091
64937
127669
15440966309
24943306093625981
448979509685267657
1795918038741070627
2298041
9361973132609
389621
8941
10321
9623
5023
5399
10501
10753
9931
10259
4799
8111
5923
8387
5573
8431
4967
9649
9461
8377
5119
8681
8263
10607
5297
9463
10313
4933
10253
5471
10141
10789
5843
8527
13469
8329
9643
9851
4703
10627
8753
9547
4621
9173
9049
8663
8369
5179
4931
8501
10267
10711
4649
5011
8821
9689
9293
8713
10837
10133
9433
67759
54001
14623831
29247661
18837001
8689
5939
4217
5009
19622651
4691
5197
9349
4201
4673
5449
5651
3697
9749
4657
4447
8363
4177
8669
9511
10949
9587
5503
9733
4519
4253
4951
4111
9337
4153
8741
5623
5303
4597
4283
4817
4373
4129
4339
8461
8761
5059
5737
5237
4483
95107
37663
25339
8293
2109127
2432543
2472781
46692137
5625767248687
15648963099823
251033
20947
4651
8467
10301
4993
5749
4957
9781
5813
4481
5099
4943
207079
9973
2888330917
31734045571784327
380808546861411923
152597
414157
5657
4999
6883
10613
102673
22079
4133
4404047
1823963
2243474489
22434744889
18233
72931
145861
4241
2317127
13564461457
8317
10657
4523
48823
8353
8677
8893
9601
4801
4793
9170881
1847
10861
48037081
21673
25127
6551
6079
5279
2341
6911
154543
6599
5351
2621
552793
29077
7487
5431
6607
5879
6151
24061
5669
5639
7151
5347
5569
13829
6569
7907
6719
4013
14639
6779
8089
6343
6007
6359
5479
6043
5483
6451
14591
14867
6991
6173
6197
6661
7159
6199
6029
5791
5231
6229
6211
7537
5333
15031
7937
16063
7727
7207
5881
6803
7079
20887
6553
11483
11887
6421
6733
9421
13103
6067
11299
6473
6073
5779
6337
7723
7433
7561
5807
7477
7549
6131
47599
26399
23743
18199
11933
28759
14489
12527
14143
15263
15671
14347
15377
14771
14699
14951
6709
14327
6379
13789
8081
5683
7489
6329
16183
5557
6619
6529
20149
12479
5897
7333
23761
17911
11467
12413
18311
18287
15809
23813
13523
25303
8737
20719
14369
30983
11047
21019
13001
12611
8093
11171
12379
11447
8009
6317
7753
6737
11503
7211
11731
6949
5393
7867
15739
7459
7949
11027
6101
9103
6563
7541
6113
6781
19391
20717
6367
7307
11471
13159
153649
11909
22699
7681
70123
29429
73547
16073
40099
28591
14983
83939
32233
41333
26839
43591
23279
65951
132263
49223
20129
19763
23029
29191
21317
20231
17029
30269
33997
29009
30871
48479
15619
33179
52543
33863
7121
13907
16631
11161
12263
12149
7417
13219
13099
6917
11071
11587
6221
14087
7963
13859
12893
7237
19543
7577
7817
12589
12227
37967
14303
7841
6869
22159
6841
7687
14221
5153
22111
6037
6053
12421
5869
13229
12647
6011
15391
6353
27947
110251
16921
60763
97789
102107
46399
78079
26863
81299
57149
49103
43499
113567
44249
31663
55733
24799
87359
64439
14057
22921
16097
36343
11833
18503
18919
52639
20899
18859
28979
35153
32191
30631
25013
15767
16823
18301
54779
18077
12503
19423
14407
38903
16987
21277
100043
24919
14251
22343
14633
17431
18341
38593
14747
6547
17539
15991
7297
17239
10099
7369
6833
12641
33347
11383
21031
12829
12823
7057
7523
6397
20551
6521
20411
18757
49939
11777
26357
5653
43441
25169
6577
23063
11243
29611
206419
35803
101449
210139
235751
21061
23773
16417
32077
1005203
69191
37181
200723
209983
31907
27077
20533
92551
367559
862399
25447
40357
105767
83219
122891
153271
34519
132751
33149
106591
82591
196687
50047
48259
48487
730399
19211
129499
23509
17683
28901
163643
76631
69499
61879
122579
47123
20773
15233
43403
16657
27211
18253
21023
82039
264811
290657
40427
33769
15187
13681
13597
17881
42683
50159
32611
13003
19013
49171
16217
33721
48817
22861
32159
17657
25601
12653
56711
17929
28109
13763
28429
28631
32327
13913
13633
11959
121523
22651
11617
41719
42187
16937
16477
27239
15139
50021
6961
24709
23671
20443
11801
12451
11717
17609
7451
12277
13127
73471
9029
15773
71699
15101
67699
40519
99439
21577
29881
7393
21143
12119
42407
82219
19609
166319
19919
42589
25219
24469
7213
26893
43151
15749
17011
179951
686479
261697
1031447
482971
124021
217219
54721
551443
88177
55813
175309
242731
26449
211469
507821
547999
459007
602999
68113
38557
34963
172589
621389
118843
362309
542081
133873
28813
25153
27361
567877
49123
182509
204667
809521
39901
101021
53299
267389
917831
29723
73379
40471
58451
69809
46061
79841
85837
60901
182297
64327
125651
67453
232847
326119
144779
115471
20441
43651
186227
78691
31957
66463
132619
120691
98419
54377
77081
22381
49297
21701
40087
58831
19183
114859
32251
17389
86269
60661
21929
19457
55949
18749
39323
39623
63247
762239
13627
80153
20333
52967
51343
39233
21881
41201
124781
18427
73681
51329
58579
84631
62603
14869
18013
68209
30707
28657
53569
72031
64279
122929
50551
29297
210319
61121
415381
19301
48857
21383
22273
55147
48497
247603
13241
32323
16693
46091
88259
50311
125003
26731
19853
27061
43391
132947
19997
20749
58391
57601
36209
29663
28549
27611
13337
18251
33349
23869
24137
15761
44171
81737
31817
17573
19429
33637
19069
18517
21943
11971
79627
15193
33629
26407
42131
26387
45523
31769
32059
34123
38261
28663
19213
20693
18583
44819
15569
18397
15053
15583
11831
11953
18089
15641
24091
14071
12637
17761
21787
11527
14543
14293
20113
56207
11113
12281
14011
19867
6277
12343
23971
12041
14669
12941
11329
6977
14657
15107
7669
18457
46649
67349
5563
75407
33703
18433
34039
60589
27737
15227
59581
14207
19231
464749
290999
696317
21821
115133
22817
20201
20849
7623851
23897227559
238972275589
145295143558111
640333
409891
49993
25741
246247
13669
99431
1044161
35911
40493
96667
122347
163259
23011
66467
20399
161881
293633
283837
855857
622577
541447
650971
311713
365507
790513
672827
148123
55441
220807
199081
166861
123931
225289
160969
239179
150077
50821
84961
54421
703229
107251
68737
229717
214817
292969
735473
86353
248041
460531
312121
652237
490421
931921
707983
377011
1037563
363841
808081
264331
973459
878851
41737
157649
254119
514639
84787
162709
235003
241393
216211
44357
603391
135607
218461
65479
228337
26209
959867
103333
157721
505031
389167
268501
258569
309797
548749
23053
354829
67219
43237
726157
153997
232891
80309
35521
55051
113513
141769
119981
91577
47017
168151
200033
302779
189977
97213
212837
320417
890159
173647
370451
533177
375787
660403
44797
79147
55333
176191
100523
161309
589643
63649
110969
349759
287059
98669
109873
867259
30253
260191
270841
256057
229631
733591
86287
25657
704839
344479
106681
66841
202309
75821
87797
340063
384773
554117
602221
550801
76487
51437
99611
319591
66457
145757
48973
227519
103483
816919
349837
162839
954719
172219
627091
406729
20641
55763
273617
235069
79301
56737
49277
76801
73091
63601
42169
189967
150053
109609
55207
149021
17047
50077
40013
518209
107837
226783
681229
24001
167329
83791
65171
74869
46601
63907
25943
56533
206783
18049
37441
122099
368551
45197
53923
39343
167429
42409
58913
71707
152389
95231
99391
25667
23993
29153
29921
51991
100957
61381
80557
51169
92353
62273
170579
39161
78713
57221
19861
30091
51031
82727
45137
146767
80167
130199
194647
90863
528667
13417
36373
18329
35851
57637
32261
25301
21169
139537
79433
159503
62801
343309
49477
47041
575711
27127
32051
64301
15733
35591
51257
47317
26107
35801
365377
666979
24593
35617
75431
143551
47843
36923
62011
23593
17093
70067
15493
48247
23893
53831
33829
38197
40583
18461
58763
70051
42839
40387
21467
22247
12073
30169
26669
44497
28163
15607
25819
39409
14177
12541
256129
16193
23669
32237
46751
85909
603901
5821
23227
671087
246611
22937
18913
279593
12107
101429
23059
149027
72767
86371
65353
537703
67213
66413
36643
775639
126227
32029
441169
40627
36061
213029
80803
27109
89669
227671
96763
44483
95471
191353
51481
50989
82393
27067
41203
14437
56659
37171
29251
51869
504379
91303
26317
56489
155377
40123
51853
92251
113171
29363
46639
154823
92041
670223
547889
136193
180053
35311
176041
150287
9068495483
54410972897
2161571
2346997
4693993
4767013
5998351
25938851
114408311
549329321
778165529
1071906461
78220950799
187230013013
247198194449
625767606391
41824189226895991
65877330027880703
11794421361984669461
1096493
4385971
5431277
521402591
587720113
3499901929
5114883541
239789806103
11089067516887
10624346875389299603
1294849
27785411
1444841371
376498103623
8174912477117
23528569104401
8332684643240111347
3283627
13036589
19701761
938634407
5620039
846026011
153097652177
159052890067
918585913061
566299862439050149
1730213
13822297
114466039
7471059733
11217671821
925740742697
349851173194253947
33685319
63699329
334697413
18171889779803
1130047
1534667
4162861
6138667
13191389
56502349
220992011
923397229
1846794457
2821964307371847613
1826113
2017121
2377393
14608903
85798519
210099179
2935947913
5490603361
23487583303
78952752017
989109048661
1548529194907
3097058389813
11869308583931
332340640350067
13040549
17500416757
44755164953
8666311380566941
4950931
3825868507728227
13490012358249728401
4731011
141930329
56327320669
2703711392111
1034150930241911
20986207825565581
8081399
52750241
208815221
46974389699
2048477318009
3410365958937271
97198847
36214795668330833
63230413
5920351
302062999811
649301712182209
2157667
3607217
4112851
42959857
604954439
678378751
11705705327
216787553101673
5803900989141511
1657519
29162129
49725569
182529313
1531590787
3063181573
26897688585823837
398137391
3161107
14529007
29058013
581160259
1162320517
1324577
3312761
5995337
119211929
213414390557
230513277217463731
2161279
5179127
23792163643711
5162159
879924427
4453762543897
1898685496465999273
3181691
4639939
6717509
6940919
832910279
1532217641
33191400511
66382801021
262260213687029
2001691
1104139
23277391
1159369469
1888077689
664603346527
1990961807011
3981923614021
332301673263499
3633347
11489593
21800081
436604533
492278627
25298303717
36362535107
1922671082491
263264754174679
3494515445033917
3618757
106979941
168410989
4977454861
1975931
51479693
17330227741
6273542442241
25955031616739
7830118297
2839019
4617113
27729301
29121769
2174688553
143143687231
204575042803
571890896913727
93715008807883087
317730167
489012421
403517312089
13722816749522711
126219931
246329329
801710573
84819793631
505662909708289
3466643390858773
2367583
24472341743191
5055803
10557539
5923200445139
407103389389211
1628413557556843
10064591
14698907
16073017
99890797
140806343
346712539
3942577603
6733892672653
587492521482839879
4079654751581710993
23658409
660529817
1703405447
1124247595019
3811193
10960009
15244771
30489541
119588237
11525046497
11574158077
16249460377
3814148052694579
14779765727938787
14787970697180273
12655343238840613121
2350291
94180927
47690295073
17751783757817897
5096867
13860281
6090817323763
1639999
19679987
78719947
34294847537
61557605176233223
77484139
1394714501
1217537
36123189355585811
4748492087
1504073
1598137
3506179
20492753
1374422167
194215197061
108393944682917
59833457464970183
5815333
25006081
151434307
5101240523
39890119505297869
1618471
10378063
1295953
18143341
1452809
15613207
15853531
1348206751
13861369826299351
1465591
79254179
153436090543
210296269
1181099
1825297
7086593
11278213
731516431
808074961
24278667617
84039795943
514851898711
1512716326973
1342267
5273717
171201047
347833278451
34010032331525251
1476463
1744441
3251057
4743509
4757119
31525699
88816979
218201413
2158701847
6021112219
4857079155749
81488446443373
670276923493361
9049356023916067
778244618056781761
3421093417510114543
26050081
4528627
5965727
10350341
10621181
23862907
26155751
253603111
879622391
160974982673
643899930691
4495198969031
13847237066821
110777896534567
23441314694076287
62947848044803391
234413146940762869
251791392179213563
1095551
1412753
5714803
10715147
18739907
19270249
283763713
3035864933
2765759031089
75364676329903
901563572369231
2169378653672701
70321958644800017
702022478271339803
1839633098314450447
8334721
14092193
29866451
700116563
840139875599
67582997
2199072289
827621381261
3310485525043
476709915606191
11408039
41210789
83892473480987
21476473211132671
171811785689061367
4008584415980777207
1108057
2216113
2519273
3831871
124102327
311380505272549
951088215727633
4611545283086450689
151851517
197476230499
929856901
3142653343
2229158741
1721441
2783741
15872303
63489211
4571223191
1960639
3286968101
11281292593
1023398150341859
4684633
10780139
114131929
666184021
1358297513
3423957869
56747159279
598761682261
758403222223
8868050880709
74323515777853
93519318491791
1746518852140345553
1072103
1377751
10944168769
16937389168607
865118802936559
550554229
502628805631
7126517
14050609
71265169
398959160491
7787347
1214826131
1428127
1984327
143881112839
161969595577
287762225677
2031161085853
1127011
3031577
12715727
51791041
234781051
11344161133
68064966797
256469258891
939253221421
39069290941477
39448635299681
78138581882953
2224706135388257
923615085261871117
80346697
4499415031
7750313
12447002677
208097431
3894703
2098363
6073159
16664731
154683797
257140909
1428389887
2990584783
62228099977
188211471913
222585652736683
59052855004479053
9920879640752480903
1253737
2507473
1290299
1438057
5441407
19626847
39253693
8562191377
16497763013
36076814413
1335495402823
4811717
79914281
347228969
958971371
3835885483
6284102401
14231135141929
54996980415718993
1258657
1973633
7593961
17868733
292097683
75824014993
23662848362579
1560653
3868253
535740763
580237949
90368051311
748965586673
42797892851159
90548787413621
2252157557032127
16330686816629455121
5076443
2631949
9982883
75094768867
6458150122561
3833564416504313
2695411
5390821
9547189
171849401
42601921
3834172889
3855260977
8952801364160777
64082150767423457
5339899
7478983
32039393
101261971
124692409
224369489
906122303
7787198759
55624185271
140169577661
1779973928671
2613904546849
31366854562187
1114916024959183
536426796708276751
3955691
24123461
109209119
144709361
514239829
1028479657
2604768497
25426127893
1402846252147
2826356153039789
6725497
8200691
78691537
1101681517
1365532537
61694164951
1974213278431
13177388982049
82473546986953
1154629657817341
231628169
2316281689
10879733611
271177229
4338835663
1823291
9106063
116513821
270447871
2166069707
40207312571
1688707127981
20353100307563
197230077889854277
1049281
6783031
54134623
14089555927
366328454101
1514195395813
10534132250189
20003029631483
5560125493425335999
14091139
35061928679
2454335007529
4764764439424783
2669789
1372957
2676241
2669857
5149267
21520151
76082653
2481946693
19271071
343406989
5844100138801
9843907
28137721
56275441
10775357
43101427
25085030513
6722741
5590855199
2503931591134537
21180247636732981
901415372808433319
12040843
3336809191
79787519018560501
2777339
175476121
350952241
701904481
1403808961
2860659169
9500438809
5368193
12190573
21472771
2428541
5416231
1429884983
15100497917
3730693
10427633
202607147
291973723
1678409
2668571
20140907
1822780943
62583327091
2133606842137
17648498239661
1050705618973489
4929910764223610387
1765639
869467061
3019242689
76096559910757
9516547
25923074027
155538444161
5837046732474007
5473261
2792809
3930259
199256030140101947
72739327
75068993
241931001601
1776301
2631793
10113049
38705419679
21704653892417
408935918751325859
6636011
1886503
1238761
10057921
10622531
36085879
199381087
698962539799
4096460559560875111
3822491
45869891
5164609
2691367981
8321709797251
104732548728865637
5757132278093831809
7781311
1074473
13473433
1251304442569
10010435540551
6106505825833677713
5947499
51879585551
172577306789
740011491511231
434310316424754871
694130779037534677
1076077
4914473
88460513
415365721
5466328940321
2252127523412251
1480561
2961121
3416953
6335899
4802611441
4778021
4192399
155347747
160214521
11855874553
212480658612043
4165886582664473059
3602561
151391789
14647247
234355951
281871132149
1465891117462389227
424540999
123104153480029
7461569
4815426131
3267899
4236803
5344847
21525703
91501171
1851210457
5838314533
11502925631
47860908289
3199396364083
55076007921227
2005639223646664297
1777459
18702169
119779213
686099173
5073868099
6962353413269964253
1522201
2277823
3499999
6999997
11687129
17138182843
79932484779751
30158036421369821
194855669820391429
6038099
24107929
3664405207
1607143
2172539
43685753
621188129
1085327475226219
2170654950452437
1697041
30301693
181810157
5434413581
166003607842448777
2192537062271178641
21207101
28086211607
35447459
38369587
323706195587
3884474347043
1476689
16048388639
803693621831
17681259680281
29394912858667
5171240174367691
5631496312093189
10044211
23650061
7226904352843746841
10510658539
6306416144717077
6508221461348023463
65328667
1674289
3348577
7679233
23341559
29754714843945001
59509429687890001
1816783
34309311763
923027503847
2424158731926527
14199121
65628751
190295821
8010783199
138186010182749
4264201
5048801
111073621
245657791
17137716527
25548410263
475714263559
22834284650831
398690987426029
585604027
8901019
6467683
2364377938943
2752135920929651
33034273
1430708693
1937884693
5722834771
465092326319
2655395333743
38062436713872161
17512741
350254819
700509637
10180180583
7958909690299248599
69566521
8414835326867
2779958657925089587
5559917315850179173
1155709
1622483
2311417
5340763
68462203
2670381499
96106506022433
7899164719220933
3813571
7627141
91525691
3143863
5243597
39947622889
57528697267
68492481833
1278323932447
1391942756959
4463497
4506937
4553771
14269760558393
2465227
1670551
3341101
38221873
33232924804801
24812143
20445205831
12921370085191
6822483404980847
150094634909578633
5982341
45275207
642455187329
69394460463940481
6768263
11411291417
1574717
3981479
4475197
8950393
16359197
10703171106959
28556060513366611
1716499
3996379
26159806891
13719561114241
27439122228481
3597067
3978523
6851759
32263067
262582517
4274823923
7621237609
15242475217
4313591
1749233
71040493
2699538733
2787601
3173389601
5885051
20241187
1503319
2647471
5794391
52949419
128818831
635393027
3812358161
258461532001
19982609236631
452824604065751
2837530511601601
204104071
38941695937
139226438017
278452876033
6967937
33173363
3980803559
1907793278851
18717738334417
41738101
17621871457
207939219181
415878438361
3630105520141
48912491
348854047
2093124281
55035165349
330210992093
37644053098601
2632447
3830033
15320131
30640261
68443621
11366587
358291751
615903823
14781691751
15062790577
391632555001
808780358537
27498532190257
989947158849251
363006768169
1450284288181
46409097221791
67454844338671
92818194443581
83104368225242671
6491207
9943877
38947241
780921233
3661040653
16312968195417869
14374897
287497939
574995877
20515909
3280851288667
1996609
3993217
134000609
404488922797
682066315967
2465764473370511
1282197526152665719
7357703
4272123329
25632739973
717716719243
59583967
240813217
903870199
57583418699431
13334701
1182468601
1856458657451
4744297
34756627
435991459
96414883297
192829766593
42621163310050789
5471551
24127552321
9134087
148587949
2792761429
4999465853
5585522857
472287102421
359400841
636190001
491003369344660409
10103633
23429611
46859221
93718441
1082128357507
16753783618801
192971705688577
3712990163251158343
317410969
50150933101
2242811
14791487
31397939
96577891
156996769
968249431
2197855729
13375153470359
213543662629639
535006138814359
908509216842737
106551517
92904240109
7432339208719
341117531003194129
2024111
1884103651
38316421229
86441846292623
345767385170491
4036961
218834597
151871210317
2646507710984041
1420303
2357225999
2499285769
56622299579
4614828623357
135026275889639
1566923
2639999
2696641
3781403
62983048367
131105292137
50792363
205919921
823679683
160465489
64500071
275415303169
1395943
1564921
16018507
1358143
24446573
4791528307
5951078157293
19532149325942959
39064298651885917
197391841
394783681
23454364321
46908728641
8468527
18944890940537
33975937
98434513
16733867209
138991501037953
4295801
996625831
247039847
2065304407
5434876633
73814480317
236859013693
6314964913
3331499
37159429
745988807
111912126900880183
55326151
104124649
110652301
118035971
74912328481
1252729
1247718083
19963489327
24534827
59327013539
6866365508525729
2151007
10318717
6156182033
10425285443
15500487753323
17516449
1486783559
356828054159
813498924457
9024181489681109
2849881972114740679
4205268574191396793
2940521
6099257
71840959
70171342151
119252672863
567332587
11888981537
1535813
15358129
288745031
586477649
300239970684109
1801439824104653
22623917
1221691517
1275445943747
28059810762433
1450271
10035031
7384779931
41625308587
1248759257609
1825650524981957
10510459
21020917
1074889
11013539
242297857
246848258849
1953631144736723
3044803
5712713
5449928201
99995282631947
228591887
64005728359
128011456717
13841169553
1466449
2916841
308783399
34583740687
190648099529
338637210393929347
3887047
275658839
383165786209
177722253954175633
2829011
13194317913029593
93853931
68710121
1855860368209
14538949
74732243
1662816157
3325632313
357164856031
473055098189
13572264529177
129159847
23842223
5960555749
17154094481
16451736395533
27145365052629449
1061573
10615729
776809967
1611479891519807
114718259662064021
12705841
3687407
3696107
34313443
584849537
7068569257
39940132241
4656572013593
332584516519201
40022509
235989769
388178491
117556897
235113793
974510869
39969344809
415141630193
8142767081771726171
321058709
6988970231
105281847559783
1353733
13821503
5194609817
540556320971
1589550604001
16397457508842643781
353803193
532235131
2550183799
31570087
1534179947851
1159633
36618787
5566055623
308761441
1899263
3913421
1591582393
15686603697451
56737873
13097927
17189128703
748404707
7484047069
140737471578113
61070817601
9377313871
14113795107242099
1100876018364883721
1616161
29573773
98942267
48438113878601
32127963626435681
105498212027592977
26751945361
3262949
396732013
19836600649
16842464147039939
5310467
7361031152998637
18446744069414584321
22253377
9143971
2694380782801
5388761565601
107775231312019
26295457
319020217
49337147
9164870521
23198582063
3849245618819
41390074967850331
3807886897042230451
1572203
216363227
33319936957
2109369687684503
244632711382580923
2450491
10737269
41351287
46939303
1240538609
1604333
45663803
524176871
4103188409
18645320669
779755100027
122499756795329
288509387009989
1169873
432853009
392038110671
170388705709399
145171177264407947
2151349
10643483
35858437
78903841
4805030557
28753302853087
50055272451521
1009081991
2011630471
3456749
38109791
1905872509
8003056109
368140581013
667055378149
768614336404564651
2074349
4618093
83125673
3085469636663
1572694507810039
3145389015620077
2092249
12553493
15906949
70601370627701
7950119
47700713
2549755542947
167190913489920877
5063713
13094761817
52379047267
810221830361
23161037562937
4010707
74878963
4211907103
177013868531
270055782032969
2760847
5521693
104399276341
30514229
36272989
5947603221397891
14563028021584261
29126056043168521
2774929
22199431
4844911
153391367
4011586307
1805833
29559799
59119597
112663087
164201383
585089891
9264686323
115046735761
230093471521
319963167079
741174905839
26986333437777017
1121297
5187901
135602279
9492159529
3180574732051
25514924813951
61147156952179
865116327117871
106518347410695817
131197743393336041
8013869
2382953
56625998353
12761663
23271571
585852469
111767762330881
14163456785603311
68631126289747999
89405021
342718583
1370874331
27417486619
164504919713
2250937043791
2651981995009154887
327412201
15224239
121793911
15976222891
2681157127949
209130255980021
374857981681
55527473
1214947
1291229
2429893
5415624023749
70334392823809
2358571
2127431041
2270377793
77192844961
183076097
310597788961
358429848460993
1880551
1527007411
125096112091
36166289
4006717909
1076595020783
6459570124697
12562628320927
402004106269663
2129549
2509411
5018821
10037641
2846276096162025817
9341359
2099021
2296729
33404531
1929252359
14718679249
957173431273
15024712816871
13444476836590589479
83960385389
1681003
23205947
928237879
27837291319
35273039401
55674582637
111349165273
184929991
5547899729
654652168021
890843479
6922921
7553921
43444151
152587500001
165768537521
22807650137
1049151906301
2098303812601
297315901
132447229
264894457
90899139733
484074637694471
4372759
16117447
32234893
75112061987929
150224123975857
3186217
2176873
2349323
420407497960279
4906337801
1030330938209
1096507
16936647121
15845771
538756213
3937230404603
10451851
5230279
16495783
62020897
100029383
52860614299
18584774046020617
27091149887825497
197101
128221
101581
755551
380267
125539
771569
855521
787021
265141
445097
545747
221401
153113
928063
292661
673567
721207
480091
956999
949111
863497
347821
153523
724903
595141
659671
194521
122761
123121
110269
186883
61561
616307
144889
156061
106867
444649
357619
45841
253369
224401
147331
166609
191033
103981
176089
364717
340801
100621
49597
295129
115201
172877
172553
245521
123757
119701
144061
130957
131101
387631
229837
61261
172321
172573
171673
165313
156157
63541
208657
215953
64381
63913
858001
62497
148429
331489
256471
66361
308701
227797
989959
953861
221537
236377
1005229
845203
280711
80173
983431
905213
774023
671911
317731
230941
718423
88993
246241
385907
352381
781969
446323
293413
304897
904781
748819
669379
912649
333721
492769
397673
684757
790277
315257
335693
109201
654571
715237
796337
441281
1029037
829097
449077
446473
509221
1037753
915769
392983
389041
746023
870031
981941
603349
997057
394201
659251
491041
957043
685621
782461
325729
930481
511801
1018177
295831
664441
704761
449653
617401
880723
684493
517553
709741
879553
235621
251857
440177
459257
470593
931837
348661
561377
689081
1007161
623017
537841
543097
595123
649981
991651
1636909
282429005041
1109257
3744967
5662783739
29324808311
29525319827
1236964972363
197748738449921
86113
147799
150797
627353
113899
208141
319411
244747
119101
495973
351497
258673
200401
666187
899401
31249
71209
623009
325901
820907
272381
63073
72727
163573
282011
342379
291539
235813
93253
280729
843589
486179
22093
595547
355441
239201
922561
169831
23173
37861
858293
650833
318211
1009153
554179
44809
838133
30853
104851
251831
424537
391231
215573
150211
48907
40177
39733
41281
201557
175433
42373
43177
108461
59467
338753
155689
73363
224209
86441
85817
146891
91397
136417
97157
232073
182473
490631
295877
96973
517207
96493
786949
643021
729187
279073
365017
726367
365773
806137
637321
681523
698229487
3770202641
428985214517929
3431881716143431
376911179
3769111789
30152894311
1741541
48795889
97591777
1187730961
92643014957
11305597687262537
135667172247150443
32491
72109
176819
151909
154351
272959
277493
395891
60917
267511
43543
278147
119827
962743
136501
19489
135721
552127
308491
143569
55901
972071
648629
82657
523771
436673
40897
199819
191141
236653
230501
286721
257293
176401
68449
642517
696313
26251
163021
35081
355483
224501
82759
142159
41851
540079
142097
464311
34057
176207
58789
248719
39217
182887
321679
147709
62563
244451
78101
1028213
133387
276151
598303
294311
269167
298801
696607
468121
878953
423001
552301
561313
1868569
105835132229
9525161900609
1066818132868207
138611623
428821639
857643277
127522693159
152041
37699
208283
86161
35089
59393
91019
264793
157951
107671
174877
19801
184273
734263
144451
425899
176383
352771
960139
428899
44651
92413
360187
211093
346331
33469
235211
87751
511831
805097
50123
105751
57653
83431
122651
580553
215797
1007441
211501
524591
62143
189767
111581
309079
119243
261271
118189
51059
88873
142619
335879
241363
514519
510089
297931
281429
190871
91237
418511
26681
87103
677029
332221
446041
37077371
815702161
7524739
44975113
12553
112877
51673
54293
93553
30011
134707
267791
66733
170327
335567
150869
350963
279023
534403
486643
376237
25357
74821
249437
50647
115571
48619
62701
80929
78553
50023
200989
541531
49157
71987
38971
12841
16481
66449
26717
13093
13121
103511
94253
491639
76913
385838642647891
4058036683
28099
27893
59693
66809
78031
530333
1431373
1505447
30248489
45354571
51120055321
9303850068421
70084436712553223
150332843
119627
17203
37117
435973
351121
730753
63901
18797
31253
3281533
21221
24749
121661
102241
23581
36671
31891
65993
16661
60894773
81066233
810662329
1123380949
1621324657
5724108661
731765235167
72916410637691
184417
976853
1824841
2238236249
169310154773889599
5079304643216687969
596863
486091
15121
24151
43669
13217
12806449
256128979
45289
10107277
2529282293
20073052121
122078169439
94803416684681
1512348937147247
1793161
12577
82567
2470141
7145863
15152453
42875177
115293203
1279533037
2559066073
9739278030221
3216089
2154779629
14557
99257
1440437
8040889
498535117
12040620145783
13562889751591
59649589127497217
29078814248401
259462303
774986567
4649919401
18158209813151
240073
2343435803
441019876741
475384700124973
246497
894161
81203
11317
221101
11411
39841
12457
2459123
9537683
68855443
382892743
26036706523
33601456183
1412297
83181652304609
109688713
3778681
48460723
2423036149
101767518257
1190701
1379914099
12557612956332313
595351
74419
8332427
270547105429567
4417799
33326207
43308541
44177989
174838003
533219311
1049028017
558321424981
17866285599391
19241271887813
849904658434631
4519139
7527841
17923
125017
579883
223002433
796753463329
1262193770779
9561041559947
5324441
8879971
11852623
2663568851051
862970652262943171
117371
24841
9753949
1532917
12323587
113554877
2498207293
1437967
13274629
63965357
84408113
1408331939867
833732508401263
12051210272594693
226871
352813
3068427883
239337374873
50544702849929377
2391314881
72296287361
294152961563
1397468949464577911
2842127
11368507
1281729149
97002127032709
274201
13326527
53306107
990151
5301533
7878911
25480398173
19707683773
4981857697937
4363953127297
245772079727
42272797713043
6597973
99877
310680563
40388473189
118750098349
2384581
47691619
480393499
1852621
3705241
26677735199
3999088279399464409
6726821
212967883
9370586851
6876187
1761345169
98618273953
331579
38461
124301
3616833449658581
671165898617413417
5898169
224130421
6442794359895697
412213
929497
28878847
93617891
3740221981231
2714377
28798487
101854261
1036745531
1054191601349
399979
75611
104670301
3792193
485400703
2461243576713869557
778986167
6287431
128653413121
43649
5611493
63611477
377732669
49860712307999
504853
563377
1977203
2426789
7908811
164767
21773
58907
973001
3099719989
8104980127
4052490063499
22796593
367687
12601
1529309
1995827
12696517
2368179743873
383521
6796847
108749551
249231977
929007030703
4093204977277417
1560007
3878543
325797611
3909571331
562978271663
47290174819691
2158039837721779093
141601
488051
10332211
289381
30968671
11148721559
81208902997
407939291537
4008849802589
49212595216181
54217
1441160167
57892061891
10652139387943
191738508982973
85280581
3161749
2879347902817
455341
354689
69554539
70911041
139109077
278218153
6115909044841454629
27763
4975177
17944799
22000409
148934759
6056747931919
1250413
1608241
12865927
9468940004449
926510094425921
2460181
34110701
12548269849
108140989558681
18410543
495174272595061
101977
51457561
404378081
7151459701
76831835389
36709
73417
146833
7327657
6713103182899
281833
25171
2563199
148665541
5518906747
155907370639
22053551361011
1587855697992791
54133
7450297
1401943
193707721
761838257287
67927
2719631
3752069
1644512641
81633945332311
163267890664621
1649111
6566760001
68713
1824726041
133338869
119782433
43872038849
229153
114577
189799
1531987
1326700741
3256411
1274723
1164193
3205453
7648337
11732857
324699313
19481958779
36657560507
701350516043
518689
1138887781
285942832951231
24019197967903403
96076791871613611
9857737155463
228961
111949
2931542417
212601841
2349023
47842771
161765407
636082163
722167
41969
83233
41617
20809
73285801
85969831
171939661
634569679
2232578641663
42166482463639
362801
79903
3701101
900309929
110133112994711
71821
1205662351567
10308413105897849
201961
100981
590077
295039
107367629
536903681
1857829
13971969971
8737481256739
176419
2908363
2413941289
25411
13455809771
77689
1999693963
30707300495827
795217607
31280679788951
21523361
10254323
656276671
854527
1856069
3691019
657001381
15768033143
9460375336977361
161971
5465527
21827051
256758988973
6740339310641
1455309949498963
292141
41641
70487129
1759217765581
2932031007403
335653
500177
101653
2156521
17252167
50047891
1242156023
393553541689831
3148428333518647
4175024550032204971
1032259
51613
33057806959
25733411527
8646426273071
242099935645987
389381
4571251
43981199
158822951431
632449641619
5782172113400990737
724153
460079
632133361
5905051
2798994173
9086883433
27989941729
2035461888991
9213624084535989031
46021
184081
13963
2099863
41540861
139921
1329337
207376571
4562284561
664669
6218099
69083079889
138166159777
3011347479614249131
6491257
420778751
947723521
30327152671
778397
129733
3203431780337
145193
59221
18649457
302128933
1146277171801
33909171296217181
70621
7466033
110211473
534567713
27669118297
114968408899483
170353
352081
704161
2218331
2806537
5304641
5430731
6324667
7537711
13063537
25569151
28136651
28325071
28596961
32508061
32839661
36855109
53825041
56478911
82471201
94373861
136151713
148055441
190771747
217629707
359661017
375327457
765373489
1198107457
1390636259
1418632417
4765678679
5435488351
6177695707
8532838289
16203007441
23592342593
25629623713
27920807689
35374479827
43717618369
46202197673
47635010587
63781899287
95763203297
121932688511
127391413339
168692292721
180818808679
209957719973
253239693257
328006342451
447600088289
726584894969
1112388285061
1405628248417
3138426605161
8463901912489
11416525335601
13828603741081
15975607282273
56202143607667
56227703611393
82595052745831
364565561997841
637265428480297
1120648576818041
1538595959564161
4501946625921233
6376386802464073
8861085190774909
11096527935003481
22170214192500421
148067197374074653
276696631250953741
370244405487013669
461797907949997211
469775495062434961
549675408461419937
556338525912325157
1195857367853217109
2416923620660807201
2615418118891695851
6765811783780036261
8757948941961838067
1135261
1383301
1445599
1528399
1530601
1649341
1731511
1736701
1767863
1785961
1794703
1805633
1989151
2088869
2160349
2383081
2466097
2855911
3058399
3297113
3302353
3368791
3597751
3675989
3799051
4113691
4749781
4849399
4853479
5463751
5729041
6005113
6263783
6922081
7699649
7777981
8194721
8999993
9329993
9754399
9807089
10047871
11228251
12128131
12192877
12716981
14170661
14597959
15216601
15513961
17325013
18471511
19510643
19847549
20515111
23850061
23928199
24132781
28707251
28910719
29010221
29028071
32323789
34720241
37464463
39838501
48102071
49105547
49892851
57993427
59302051
59361349
66163549
76066181
85094881
96948097
97806913
101361401
103826101
104837857
106431697
110767897
134818753
134927809
139026457
147300841
177237331
177941761
178057577
183794551
201815909
206244761
223963741
228082801
251325313
253592389
337448233
345449549
359390389
388845829
424256201
457315063
459991849
461017351
510810301
515717329
520379897
527093491
550413361
584916791
603926681
700984481
711628063
724487149
824480311
834019001
879399649
1065264019
1106131489
1125706177
1169382127
1503418321
1636258751
1692416503
1826934301
1866013003
1966385431
1990415149
2108826721
2127357527
2481791513
2520917617
2576743207
2641485701
3041286301
3257947519
3586225081
4698932281
4885168129
5242462229
5879415781
6213394261
6809710909
7304123737
7550870927
7685542369
7866608083
8209475377
9025583299
9593931911
9598959833
15085812853
15888756269
17223586571
17615988547
25994736109
28838378869
29574984661
32952799801
35106034213
49804972211
52447614013
55473422113
56770350869
60119016343
64745079361
70845409351
78009515593
87423871753
103308219233
115868130379
119461537021
152317058321
159248456569
163264150141
167039577217
217849313953
234850742033
304247586761
327220181191
378450588583
402011881627
426712077457
503803759819
531968664833
537181587281
555915824341
563838649753
593554036769
641625222857
805243954219
903239908009
938894988049
1047623475541
1216150172449
1273880539247
1361753880209
1628744948329
2084303944451
2125048865543
2346066378779
2354116499281
2421854958301
2452788561133
2481357870461
3237765225301
3381925092493
3421169496361
3666499598977
3807926835707
4032808198751
4446437759531
4959636586609
5227348213873
5486016363791
5937018283241
6493405343627
8090594434231
8157179360521
10979607179423
11681692691969
11905643330881
15188886343541
15571335384347
15656839738849
16815642611861
22542470482159
22735632934561
24587411156281
31129845205681
34013149495921
35416476134069
45920153384867
61085389725361
62911130477521
70613232600577
87841814842081
88239050462461
89620825374601
90920746649833
100200775387183
204064664440913
205367807127911
291066066130451
303567967057423
403316413944121
434502978835771
520518327319589
553393500180551
590297313273013
597747428754241
620216264269531
643170158708221
712550912937217
767186663625251
990643452963163
1272753542934479
1357105535093947
1416258521793067
1430128198787051
1958423494433591
2059647179472887
2137444528747943
2211164386353499
2649263870814793
2864226125209369
3411926755457243
4889988840047743
5420506947192709
6957533874046531
8882811705390167
9472026608675509
10063060897082377
14436295738510501
15199221608544481
18624275418445601
21226783250214361
22666879066355177
35411885288978941
46329453543600481
60081451169922001
76394148218203559
77001139434480073
100062970166640331
108604397663266369
121719631478506669
121936356626073149
129044008326199409
133088039373662309
153560376376050799
172163150940018661
178250690949465223
196915704073465747
271722723752757889
316825425410373433
323824851129646973
452808441334403281
473000157711296729
538953023961943033
645654335737185721
741019334164502879
909456847814334401
1245576402371959291
1363620137403810529
1654235911196704741
2224898159852613649
2312581841562813841
2691614274040036601
3358335487319458201
3602372010909260861
6779963644378513811
8124604717965111529
9891109125337566719
10527743181888260981
14010692617072784593
170141183460469231731687303715884105727
56713727820156410577229101238628035243
5519485418336288303251
1379871354584072075813
10350794431055162386718619237468234569
21465522331181621122125609701
2679895157783862814690027494144991
201487636602438195784363
75582488424179347083438319
26831423036065352611
2741672362528725535068727
162259276829213363391578010288127
84115747449047881488635567801
535347624791488552837151
5576537758244672425387
8235109336690846723986161
86656268566282183151
37201708625305146303973352041
7289088383388253664437433
5439042183600204290159
32032215596496435569
3042645634792541312037847
163537220852725398851434325720959
255526907582383435705366133939
123876132205208335762278423601
541750420721207848681
628683935022908831926019116410056880219316806841500141982334538232031397827230330241
20270345302545987116040069442814496729341666112096057885992643120463337596490211193
48009215293052652841860443273079338843737271906291675944391068955229998769420319
68625988504811774259364670661552948915363901845035416371912463477873783063
298542624980197463613767215333569428005686468835821253721796682625551919
248927757868131890277330541567820045256364273970773286542188386932989391
23579543011798993222850893929565870383844167873851502677311057483194673
68015187368022769691883405558479865339385206659564335408937438503547
6725414756111955781503880188940925566051960039574573675843402666863
2342613190365642369850652976565987350954853019741221388275240761343
576552815667901206418987155013012295947887247242343844878117721491
160619474372352289412737508720216839225805656328990879953332340439
21505409328405921060057783156144213618485460844911284448661782641
9609322039095554268277107484843200218262250152281700954275029793
396645227028138890415611220710757921643910743103031701971222447
339212878596211796110770323541353281494127285320354524672773903
58961804474844164724814095915114338093146118248375213688557057
51954390877748655744256192963206220919272895548843817842228913
18555393648630683868229284313709360336855095474246691696225599
1269639828454588763972435091645259869185718465075550865591017
967004360110051362594621140120704258705228667628469739280559
9934018379230425610659608142885693781941091888647157503817
4613679391936953610429590532014122532260339739644049093601
1512768222413735255864403005264105839324374778520631853993
1198014380856762535048758241151960180137876946928788681521
294803681348959296477194164064643062187559537539328375831
116868129879077600270344856324766260085066532853492178431
112177476474470525577861298937835338545723093134076373561
26828803997912886929710867041891989490486893845712448833
21234370960880098806027750185552713706866970578963970119
19755740081951910036006278827509875120092863638283602681
2365454398418399772605086209214363458552839866247069233
1213879697009617667840625625239307278583085260903037111
183349688798536618131199274872809217263632838323547361
162383614111595675973306320509614573241829932932497191
7992177738205979626491506950867720953545660121688631
3320934994356628805321733520790947608989420068445023
328017025014102923449988663752960080886511412965881
210516800089955301807292488792588188869650399862249
73896491608074657474782308389882879776698065378587
62357403192785191176690552862561408838653121833643
9815639231755686605031317440031161584572466128599
7110008717824458123105014279253754096863768062879
6957596529882152968992225251835887181478451547013
4884164093883941177660049098586324302977543600799
2645097367401796494779071821252585360713370368201
2191165825376888084750157716424579062015865776131
1489459109360039866456940197095433721664951999121
1460384540571001412284141831845453026637206635511
1444211137344578755413561460184550803276100931567
252359902034571016856214298851708529738525821631
170886618823141738081830950807292771648313599433
26693012026551688286164949958620483258358551879
20336952491372732458100553842885784919705927999
14812518162134287756468779748445321035132850131
378348341497173734941642515758813997982866823
373060965528607607820406611923507593134445229
335694389427634954071771421573041823051433281
222441766887930735718041249655170693819654599
79638304766856507377778616296087448490695649
38540564664968468880858794306997704881314323
29829837832181490442678604305812844945041649
20988936657440586486151264256610222593863921
1032670816743843860998850056278950666491537
526256453012063980796131127321354599535039
364371848053973128400380293624417256758401
311810540830968059971458198200817056472833
300285708207318309645439502620323020057437
277274697228758324898273568634972630417303
150142854103659154822719751310161510028719
48965028505045123993421250406516036571557
23735410086474640244277823338130677687887
8241594690167137359552274418432855740327
8103467492759792327149800361564410265219
7521737478732572053581227840017636545169
6955979459776540052280934851589652278783
4074891477354886815033308087379995347151
3593875704495823757388199894268773153439
1447270118344882340357508117327501123533
467795120187583723534280000348743236593
420391294797275951862132367930818883361
374550598501810936581776630096313181393
246894789713288432329070889090446321999
100361196281293745682520861860411315001
69228557408536963686945303691351020373
57478171067321377466474620363800296521
36614110124735294634435619027766763481
31133636305610209482201109050392404721
23718232032401560617445166686464799001
17841384621666101787110411185124654639
12312035854466067000865880208732710873
11348055580883272011090856053175361113
7923871097285295625344647665764672671
2397475589573903055369763420581186469
1772303994379887829769795077302561451
1535090713229126909942383374434289901
767545356614563454971191687217144951
657890411545272648205502849240259841
383725126655170964501315730676446647
370906580744492785430299503112990447
338022697894372654393569490292054293
301515315752300874236564235591357673
83419583369362599223695741715281803
73202300395158005845473537146974751
71823136587868810196777569956806083
51542639524661795300074174250365699
38904276017035188056372051839841219
38492463944796047958689249900119577
25303477367125871084827032663086917
17211418511881591900451719497126361
16681047354076413289641815429597201
15428152323948966909689390436420781
12243864122465612155106392056552353
11445809956167382407064031075513447
4982397651178256151338302204762057
4760137992283599860814226997712217
3754733257489862401973357979128773
2927455476800301964116805545194017
2226552504641936135171431515066491
1999827817517387044561568810795329
1394024440643581888234566111022843
1282816117617265060453496956212169
1170711644777651877659556633665719
1149293208122690149634501320830127
495628141985699908798809991345049
244890254297640761529087172684493
211729110153986431689031652477431
177635683940025046467781066894531
164497709165795076746535255983417
94455684953484563055991838558081
87449423397425857942678833145441
84177705414060064080357557563681
78958087694609321439660131899631
63708632736181660104901778132687
50834050824100779677306460621499
44667711762797798403039426178361
38388636359807620295965406194457
34720396273212657799920861294559
29728307155963706810228435378401
24124332437713924084267316537353
23447922219559078230556406413121
19177458387940268116349766612211
9495274268950158253556804021549
8889432124593512497963252165417
5886200158475440456520253248899
3655725065508797181674078959681
3340762283952395329506327023033
2647649373910205158468946067671
2132702019989312238664744788581
1786393878363164227858270210279
1566544704800698396953093601873
1322180941176916663660884638251
1194323430124014210209734313911
845100400152152934331135470251
683431056482594395356236154577
301311116540899114446723859201
227376585863531112677002031251
217002476707579111249505383091
182331128681207781784391813611
154409582400746343283617600857
134304196845099262572814573351
132127691229591265080719862287
128352603653615356781142620567
106788290443848295284382097033
84179842077657862011867889681
84159375948762099254554456081
82280195167144119832390568177
81507043319753188168924674631
78919881726271091143763623681
65760699698727391484862666439
60168705791425200035631027209
54458548527420875172218599357
50316775668019759306202964023
48845962828028421155731228333
39459940863135545571881811841
37866809061660057264219253397
25922273669242462300441182317
19729970431567772785940905921
19162768111072131674824056293
18526238646011086732742614043
17583307213560107782419353117
14732265321145317331353282383
14412696041829609581964672301
11054184582797800455736061107
10815642767013732721285462409
9864985215783886392970452961
7984559573504259856359124657
7248808599285760001152755641
5702451577639775545838643151
4705219635775723857967595989
4475130366518102084427698737
2985593557119740459502511463
2495062535895704917457102147
1666690190954123923846113463
999802854724715300883845411
912851565662857110894244969
618970019642690137449562111
386050285151948997835891969
360840050941179722996956787
320021624768405574452943847
303309617049998388989376043
297927289744047764444862191
291280009243618888211558641
256602135467046924116327401
254801291090340500468015843
207617485544258392970753527
179578295495032415846135441
160014034995323841360748039
153274890482763600658153447
142659759801404920771391593
140194179307171898833699259
123794003928545064364330189
121398350355709894226880053
120226360536848498024035943
107557433147982161059437853
86630432442539925437931403
83379798561325782971358271
77448472428508607379438301
75658416409515769412923541
64694991503719964411656469
40122362455616221971122353
26273701844015319144827917
13842607235828485645766393
12070396178249893039969681
11735415506748076408140121
11053036065049294753459639
7671847304090564106379039
7280820327999609800129443
5346950541323960232319657
5042939439565996049162197
4868122671322098041565641
4805345109492315767981401
4684693677330512819619479
4362139336229068656094783
4299412981246169975118907
4231064748771686606357999
3857194764289141165278097
3745603812007166116831643
3404179522209477464293403
2077756847362348863128179
2048568835297380486760231
2047572230657338751575051
2034439836951867299888617
1905907469311277390886779
1845541507843546133275943
1485775878955016720572967
1425343275103126327372769
1155685395246619182673033
1108439448677340328268341
1080748834836260208172529
950996059627210897943351
870035986098720987332873
839430995889352384790747
604462909806215075725313
604088623657497125653141
596242599987116128415063
586268204145232388537767
579017791994999956106149
500775502339487749891613
474377425333118152091489
467910837060582973788391
397881837642577477902049
378428804431424484082633
365505823711978039310711
337570547050390415041769
331343920853356078376431
260299509122666307530779
245262248913715001137177
242051080315842541468481
199957736328435366769577
193959209214076771121623
179058312604392742511009
155285743288572277679887
126901141805369975317583
109912203092239643840221
105293313660391861035901
98381786849639578047163
88116165754061081804047
80594177435629813327693
73741087609164167361401
63681511996418550459487
61676882198695257501367
61654440233248340616559
57912614113275649087721
52370346649565455417091
47988017700391465337951
47511442503437544245759
40876172057323775375641
37945127666529000523013
36709470626395473193853
34414252193470855737431
33326289388072561128263
33157029794959983067039
25632520942271474073277
25349242986637720573561
24294761819324243556203
21219450253644294921011
18627208886278965892841
18083248206071638168339
16777063816823669870629
14143189112952632419639
12812432238302009985937
11759268103871837946499
11699557817717358904481
11090285419154484485983
10909836235297177507429
9444732965601851473921
7258922116292957590759
7116994618070211512171
6814831739026751175403
6331414037900705008181
6268703933840364033151
5704689200685129054721
5604175837629144841969
5302306226370307681801
5166497455297396420757
5140569435814200438091
4815314615204347717321
4410975230650827973711
4362800462418156276703
3976656429941438590393
3686727807494957756423
2820532097092119156757
2645665714547312956619
2519545342349331183143
2278882217556458034121
2175552479355513465587
1953272766780718501831
1704448654074830761421
1676157924797637675859
1491477035689218775711
1469495262398780123809
1437039323319935943337
1344025449620478226909
1292236323999687021947
1141629180401976895873
846041103974872866961
733283193985296475481
705177458128614434393
663178935571824972263
641685338866847296051
407477800048937789623
382027665134363932751
381364611866507317969
373200722470799764577
362214803898245562413
353579727823815810491
260242449712509916159
241013919380468530991
229694502848971295689
192239603489222037479
178230287214063289511
172827552198815888791
171857646012809566969
165301473942399079669
159694947991411652881
157571957584602258799
153613658645623239851
150832426800173710177
146949526239878012381
143162553165560959297
122389642547451329789
122383748674622081963
118986316541582633537
100846650142477706609
96833299198971305921
95229120272284329061
87274497124602996457
86977595801949844993
85674139013047290421
82064241848634269407
76274248904018869381
62246266355102810647
60272956433838849161
57199611566965659067
51441563151591093599
50633239739204779703
46180754263093555849
44626806191326911791
43637248562301498229
42019904815239735833
41992134566688199669
40911050578149780601
39044358788825633753
36230454570129675721
35722636058737659179
32805689703633665213
31357373417090093431
29103299049861391633
26032885845392093851
23728823512345609279
23077871848320719293
22032264439663657187
21528721971011167249
20597276734348736647
181352306852476069537
204712366597949333831
42437717969530394595211
105919308797935444986721
571403921126076957182161
773618132427345151923061
1643464247728189221623609
3970299567472902879791777
59151549118532676874448563
235457374510092115086834691
8170509011431363408568150369
1716841910146256242328924544641
38488154120055537150068589763279
257513776243156826379279929309507
432363203127002885506543172618401
778429365397887608540618330873281
254395969103901649521223867932173929
275509565477848842604777623828011666349761
17645665556213400107370602081155737281406841
4667813439458532797392797231517680422795032583489
108081809773839995188256800499141543684393035450350551
25651395262318407934919734781737797067431285390452848441
115215201111546538317696820901417129607616709798043944747
145980337155634444285232523876979318451464756266456641329
242930150369581725249341464475421249205592384370695685937
2139731020464054092520609592459940706818275139793055476751
605199588591144003100881306574406851660288427740394885828171
78778047326466742993612420842416198311394008068822475527239136925369
3868132159624916546905272573063237265865977199403213448652782202624081
8223125624363292839815514592697905768406610797334099385507174111379292321
249018815918315199700031851161772880156221637084521986234342836024160025575777017
3049265608323207033354525040420863372400727272926604181336315082400000135598108701713853477087
4767828205180602862488887736985607398666751166000769605012698283856806259916006281652253453751
4684435266636161232578932847604331726884269415306219621279642876954933236537677535849040755779223719
6809649408891001685768937590233308625949604176033855796938978177320539702698633946720428389517879894953
752440346497356983142327449546457327748644897934114291899411428982990336039662496766303354959577078458241
25349956307509384561
34563155350221618511
37007700327977836913
49888641454623789553
55681942361860463813
58523123221688392679
58902316970027001503
162715052426691233701
195489390796456327201
227109283745807808529
240031591394168814433
278733912072436804273
344120456368919234899
358475907408445923469
479378523680060338823
520799717831587692709
567239060331150635317
1312315694449748688331
1620221568881364582821
1809873235795386729241
3658524738455131951223
7497182681291140146079
7851027307722624763151
8198241112969626815581
8237123176890810696379
11600321878916922053491
13271362257832586268931
14008364639128540436401
18489605314740987765913
23320317172851318360001
26941244373060650224561
27665283091695977275201
38327966300231909291101
75649382555448580095589
102651353523520067851969
117070097457656623005977
231410451435538144122809
231669654363683130095909
235169662395069356312233
402488219476647465854701
574933708017116710865237
599659003321309822423087
717433171088016374418821
1412900479108654932024439
1431185706701868962383741
6509387183417404924784917
9680647790568589086355559
9768997162071483134919121
9842332430037465033595921
11472574961994477441469621
14551915228363037109375001
17499733663152976533452519
20591603926857377806745611
28090626041813012073462457
43955934961951833386625799
51349797354047205216257689
88040095945103834627376781
100641220283951395639601683
218246094772601642186973037
354639323684545612988577649
813201725710097952736361977
913242407367610843676812931
2444322641415331355533344283
3434487311396589821473854121
3565837331172073232378945297
7222605228105536202757606969
8206973609150536446402438593
9080418348371887359375390001
10910444855403996246103496881
15403468930064931175264655869
15572244900182528777225808449
18806327041824690595747113889
21283620033217629539178799361
24687045214139234043375683501
36148617745189465516342817701
42534656091583268045915654719
56495392933101222275861053369
59117897713198738371603984809
88236431987113771637099217013
96132956782643741951225664001
172974812463239310024750410929
217648180992721729506406538251
399806412551699044818733915681
483593153887747265029536907421
1377454635342537460935008154217
2598696228942460402343442913969
2643999917660728787808396988849
5465713352000770660547109750601
5832474690386022428273180864659
28870194250662203210437116612769
67775349707440873247475442867753
70722308812401674174993533367023
88262612316754526107621113329689
125384283132205265785477849439329
161868664744491655705858963594331
4183739978746243239852385111562221
5283012903770196631383821046101707
5457586804596062091175455674392801
7165195867462155138286987098273769
9736622508037946817946068730077829
10052011757370829033540932021825161
11419697846380955982026777206637491
39546955636451768643571562540114219
40559607827224525043263763418498193
98139929939748977208994554331725481
788868477693980100643230089490226571
1914662449813727660680530326064591907
9519524151770349914726200576714027279
11459299580388289258664119605215721251
251755028858658462627642052961230751431
655417289594537954307682339857743931943
743170846305411756447828504941347481129
1056836588644853738704557482552056406147
1283810768507270931382867729773882314783
1334402673828313149547634216455312875601
6113142872404227834840443898241613032969
6918082374901313855125397665325977135579
9413099125139413690486707432096974989067
29090007107767075239783794592001366542871
42693162668620904426304495389707999425601
235335702141939072378977155172505285655211
360426336941693434048414944508078750920763
527447346649058852221083363397206345775307
937938782117311845318745554345005320717861
1461808298382111034194027645506019619578037
12520270706155176007034654722092907499983681
14658652062814508164798530246267135510037033
169002145064468556765676975247413756542145739
607981469094652492202396647678317419649770543
1078579799806668629607014283525941686969924751
8166146875847876762859119015147004762656450569
11293772630057337854244300009061892827351888021
18607929421228039083223253529869111644362732899
27203787889921135221329070240968055313746007669
33083146850190391025301565142735000331370209599
54928520946880307112306785731407655242899973469
58733573000937067164211172290216978734891718609
83588499889013461558350575326824370345112529401
138497973518827432485604572537024087153816681041
260551495718621260054268273374657473120059796409
673267426712748387612994804392183645147042355211
1206506689449517154664984054683391885701717268373
6351885141964057411259499526611848626072045955243
466345922275629775763320748688970211803553256223529
905673230703550690601003473107008473103084254587061
46509804063632583432467217805311362636553293639540930405531
153159805660301568024613754993807288151489686913246436306439
250805666433416532678429525124977090318975999001796354124089
814222556753878193601980463083668707558864014894642043902929
1442525225996981034595894901431683672700025887063977893738081
2293559892404294400692399012979688850301546383400890423075969
30985428700388045508959018054392810762033149280306907746766819
636961216046002471921398696960338364910115196955450597747751689
13094322377956920597215509541997540493466263550896158313340716530769
5890868591760365434332005074929710400548909181468214858888800348369500317
1051153199500053598403188407217590190707671147285551702341089650185945215953
1226962153072980952980067096888460031879516017670288348423584305043494594529
1412740676235815729693013611798695493926336144083867368022228212267580445753
4160924156784953821413999107825795646911807584554735726748631757909547764679
10316589882658148664018432412741304154103858145253645339510927287724805842171756259
14693679385278593849609206715278070972733319459651094018859396328480215743184089660644531
